/*--------------------------------*- C++ -*----------------------------------*\
  =========                 |
  \\      /  F ield         | OpenFOAM: The Open Source CFD Toolbox
   \\    /   O peration     | Website:  https://openfoam.org
    \\  /    A nd           | Version:  9
     \\/     M anipulation  |
\*---------------------------------------------------------------------------*/
FoamFile
{
    format      ascii;
    class       volScalarField;
    location    "0";
    object      Co;
}
// * * * * * * * * * * * * * * * * * * * * * * * * * * * * * * * * * * * * * //

dimensions      [0 0 0 0 0 0 0];

internalField   nonuniform List<scalar> 
5625
(
52063.15
52063.15
52063.15
52063.15
52063.15
52063.15
52063.15
52063.15
52063.15
52063.15
52063.15
52063.15
52063.15
52063.15
52063.15
52063.15
52063.15
52063.15
52063.15
52063.15
52063.15
52063.15
52063.15
52063.15
52063.15
52063.15
52063.15
52063.15
52063.15
52063.15
52063.15
52063.15
52063.15
52063.15
52063.15
52063.15
52063.15
52063.15
52063.15
52063.15
52063.15
52063.15
52063.15
52063.15
52063.15
52063.15
52063.15
52063.15
52063.15
52063.15
52063.15
52063.15
52063.15
52063.15
52063.15
52063.15
52063.15
52063.15
52063.15
52063.15
52063.15
52063.15
52063.15
52063.15
52063.15
52063.15
52063.15
52063.15
52063.15
52063.15
52063.15
52063.15
52063.15
52063.15
52063.15
52063.15
52063.15
52063.15
52063.15
52063.15
52063.15
52063.15
52063.15
52063.15
52063.15
52063.15
52063.15
52063.15
52063.15
52063.15
52063.15
52063.15
52063.15
52063.15
52063.15
52063.15
52063.15
52063.15
52063.15
52063.15
52063.15
52063.15
52063.15
52063.15
52063.15
52063.15
52063.15
52063.15
52063.15
52063.15
52063.15
52063.15
52063.15
52063.15
52063.15
52063.15
52063.15
52063.15
52063.15
52063.15
52063.15
52063.15
52063.15
52063.15
52063.15
52063.15
52063.15
52063.15
52063.15
52063.15
52063.15
52063.15
52063.15
52063.15
52063.15
52063.15
52063.15
52063.15
52063.15
52063.15
52063.15
52063.15
52063.15
52063.15
52063.15
52063.15
52063.15
52063.15
52063.15
52063.15
52063.15
52063.15
52063.15
52063.15
52063.15
52063.15
52063.15
52063.15
52063.15
52063.15
52063.15
52063.15
52063.15
52063.15
52063.15
52063.15
52063.15
52063.15
52063.15
52063.15
52063.15
52063.15
52063.15
52063.15
52063.15
52063.15
52063.15
52063.15
52063.15
52063.15
52063.15
52063.15
52063.15
52063.15
52063.15
52063.15
52063.15
52063.15
52063.15
52063.15
52063.15
52063.15
52063.15
52063.15
52063.15
52063.15
52063.15
52063.15
52063.15
52063.15
52063.15
52063.15
52063.15
52063.15
52063.15
52063.15
52063.15
52063.15
52063.15
52063.15
52063.15
52063.15
52063.15
52063.15
52063.15
52063.15
52063.15
52063.15
52063.15
52063.15
52063.15
52063.15
52063.15
52063.15
52063.15
52063.15
52063.15
52063.15
52063.15
52063.15
52063.15
52063.15
52063.15
52063.15
52063.15
52063.15
52063.15
52063.15
52063.15
52063.15
52063.15
52063.15
52063.15
52063.15
52063.15
52063.15
52063.15
52063.15
52063.15
52063.15
52063.15
52063.15
52063.15
52063.15
52063.15
52063.15
52063.15
52063.15
52063.15
52063.15
52063.15
52063.15
52063.15
52063.15
52063.15
52063.15
52063.15
52063.15
52063.15
52063.15
52063.15
52063.15
52063.15
52063.15
52063.15
52063.15
52063.15
52063.15
52063.15
52063.15
52063.15
52063.15
52063.15
52063.15
52063.15
52063.15
52063.15
52063.15
52063.15
52063.15
52063.15
52063.15
52063.15
52063.15
52063.15
52063.15
52063.15
52063.15
52063.15
52063.15
52063.15
52063.15
52063.15
52063.15
52063.15
52063.15
52063.15
52063.15
52063.15
52063.15
52063.15
52063.15
52063.15
52063.15
52063.15
52063.15
52063.15
52063.15
52063.15
52063.15
52063.15
52063.15
52063.15
52063.15
52063.15
52063.15
61435.04585
52063.15
52063.15
52063.15
52063.15
52063.15
52063.15
52063.15
52063.15
52063.15
52063.15
52063.15
52063.15
52063.15
52063.15
52063.15
52063.15
52063.15
52063.15
52063.15
52063.15
52063.15
52063.15
52063.15
52063.15
52063.15
70680.29447
61480.86436
52063.15
52063.15
52063.15
52063.15
52063.15
52063.15
52063.15
52063.15
52063.15
52063.15
52063.15
52063.15
52063.15
52063.15
52063.15
52063.15
52063.15
52063.15
52063.15
52063.15
52063.15
52063.15
52063.15
52063.15
52063.15
70427
70771.31229
61527.13305
52063.15
52063.15
52063.15
52063.15
52063.15
52063.15
52063.15
52063.15
52063.15
52063.15
52063.15
52063.15
52063.15
52063.15
52063.15
52063.15
52063.15
52063.15
52063.15
52063.15
52063.15
52063.15
52063.15
52063.15
52063.15
70173.7055
70516.77946
70863.22444
61573.85862
52063.15
52063.15
52063.15
52063.15
52063.15
52063.15
52063.15
52063.15
52063.15
52063.15
52063.15
52063.15
52063.15
52063.15
52063.15
52063.15
52063.15
52063.15
52063.15
52063.15
52063.15
52063.15
52063.15
52063.15
52063.15
69920.41105
70262.24666
70607.44111
70956.04416
61621.04789
52063.15
52063.15
52063.15
52063.15
52063.15
52063.15
52063.15
52063.15
52063.15
52063.15
52063.15
52063.15
52063.15
52063.15
52063.15
52063.15
52063.15
52063.15
52063.15
52063.15
52063.15
52063.15
52063.15
52063.15
52063.15
69667.1166
70007.71375
70351.65778
70698.99799
71049.78498
61668.70774
52063.15
52063.15
52063.15
52063.15
52063.15
52063.15
52063.15
52063.15
52063.15
52063.15
52063.15
52063.15
52063.15
52063.15
52063.15
52063.15
52063.15
52063.15
52063.15
52063.15
52063.15
52063.15
52063.15
52063.15
52063.15
69413.82203
69753.18092
70095.87452
70441.95178
70791.4634
71144.46066
61716.84529
52063.15
52063.15
52063.15
52063.15
52063.15
52063.15
52063.15
52063.15
52063.15
52063.15
52063.15
52063.15
52063.15
52063.15
52063.15
52063.15
52063.15
52063.15
52063.15
52063.15
52063.15
52063.15
52063.15
52063.15
52063.15
69160.52755
69498.64828
69840.09116
70184.9056
70533.14194
70884.85099
71240.08525
61765.46776
52063.15
52063.15
52063.15
52063.15
52063.15
52063.15
52063.15
52063.15
52063.15
52063.15
52063.15
52063.15
52063.15
52063.15
52063.15
52063.15
52063.15
52063.15
52063.15
52063.15
52063.15
52063.15
52063.15
52063.15
52063.15
68907.23315
69244.11537
69584.30775
69927.85951
70274.82028
70625.24126
70979.17457
71336.67311
61814.58248
52063.15
52063.15
52063.15
52063.15
52063.15
52063.15
52063.15
52063.15
52063.15
52063.15
52063.15
52063.15
52063.15
52063.15
52063.15
52063.15
52063.15
52063.15
52063.15
52063.15
52063.15
52063.15
52063.15
52063.15
52063.15
68653.93858
68989.58246
69328.52451
69670.81324
70016.49863
70365.63168
70718.26386
71074.4483
71434.23886
61864.19699
52063.15
52063.15
52063.15
52063.15
52063.15
52063.15
52063.15
52063.15
52063.15
52063.15
52063.15
52063.15
52063.15
52063.15
52063.15
52063.15
52063.15
52063.15
52063.15
52063.15
52063.15
52063.15
52063.15
52063.15
52063.15
68400.6441
68735.04981
69072.74119
69413.76706
69758.17724
70106.02201
70457.35317
70812.22359
71170.68663
71532.79743
61914.31897
52063.15
52063.15
52063.15
52063.15
52063.15
52063.15
52063.15
52063.15
52063.15
52063.15
52063.15
52063.15
52063.15
52063.15
52063.15
52063.15
52063.15
52063.15
52063.15
52063.15
52063.15
52063.15
52063.15
52063.15
52063.15
68147.3497
68480.51691
68816.95777
69156.72097
69499.85559
69846.41225
70196.44258
70549.9987
70907.13433
71267.90431
71632.36393
61964.95619
52063.15
52063.15
52063.15
52063.15
52063.15
52063.15
52063.15
52063.15
52063.15
52063.15
52063.15
52063.15
52063.15
52063.15
52063.15
52063.15
52063.15
52063.15
52063.15
52063.15
52063.15
52063.15
52063.15
52063.15
52063.15
67894.05513
68225.984
68561.17453
68899.6747
69241.53394
69586.80267
69935.5318
70287.7738
70643.5822
71003.01106
71366.11611
71732.95427
62016.11667
52063.15
52063.15
52063.15
52063.15
52063.15
52063.15
52063.15
52063.15
52063.15
52063.15
52063.15
52063.15
52063.15
52063.15
52063.15
52063.15
52063.15
52063.15
52063.15
52063.15
52063.15
52063.15
52063.15
52063.15
52063.15
67640.76065
67971.45135
68305.39121
68642.62852
68983.21255
69327.193
69674.62112
70025.54918
70380.02997
70738.11789
71099.86849
71465.33785
71834.58382
62067.80872
52063.15
52063.15
52063.15
52063.15
52063.15
52063.15
52063.15
52063.15
52063.15
52063.15
52063.15
52063.15
52063.15
52063.15
52063.15
52063.15
52063.15
52063.15
52063.15
52063.15
52063.15
52063.15
52063.15
52063.15
52063.15
67387.46625
67716.91845
68049.6078
68385.58243
68724.8909
69067.58324
69413.71053
69763.32428
70116.47765
70473.22482
70833.62059
71197.72138
71565.58482
71937.26916
62120.04023
52063.15
52063.15
52063.15
52063.15
52063.15
52063.15
52063.15
52063.15
52063.15
52063.15
52063.15
52063.15
52063.15
52063.15
52063.15
52063.15
52063.15
52063.15
52063.15
52063.15
52063.15
52063.15
52063.15
52063.15
52063.15
67134.17168
67462.38554
67793.82456
68128.53616
68466.56924
68807.97366
69152.79975
69501.09939
69852.92551
70208.33157
70567.37268
70930.10509
71296.58563
71666.87288
72041.02668
62172.82014
52063.15
52063.15
52063.15
52063.15
52063.15
52063.15
52063.15
52063.15
52063.15
52063.15
52063.15
52063.15
52063.15
52063.15
52063.15
52063.15
52063.15
52063.15
52063.15
52063.15
52063.15
52063.15
52063.15
52063.15
52063.15
66880.87721
67207.85289
67538.04123
67871.48999
68208.24786
68548.364
68891.88907
69238.87477
69589.37328
69943.43841
70301.12506
70662.4887
71027.58652
71396.47689
71769.21882
72145.87316
62226.15708
52063.15
52063.15
52063.15
52063.15
52063.15
52063.15
52063.15
52063.15
52063.15
52063.15
52063.15
52063.15
52063.15
52063.15
52063.15
52063.15
52063.15
52063.15
52063.15
52063.15
52063.15
52063.15
52063.15
52063.15
52063.15
66627.58281
66953.31999
67282.25782
67614.44389
67949.9262
68288.75424
68630.97847
68976.64987
69325.82096
69678.54534
70034.87716
70394.87223
70758.58752
71126.08062
71497.41089
71872.63893
72251.82605
62280.05952
52063.15
52063.15
52063.15
52063.15
52063.15
52063.15
52063.15
52063.15
52063.15
52063.15
52063.15
52063.15
52063.15
52063.15
52063.15
52063.15
52063.15
52063.15
52063.15
52063.15
52063.15
52063.15
52063.15
52063.15
52063.15
66374.28824
66698.78708
67026.47458
67357.39763
67691.60455
68029.14466
68370.0677
68714.42498
69062.26882
69413.65208
69768.62925
70127.25594
70489.58833
70855.68435
71225.60314
71599.4045
71977.15009
72358.90284
62334.53695
52063.15
52063.15
52063.15
52063.15
52063.15
52063.15
52063.15
52063.15
52063.15
52063.15
52063.15
52063.15
52063.15
52063.15
52063.15
52063.15
52063.15
52063.15
52063.15
52063.15
52063.15
52063.15
52063.15
52063.15
52063.15
66120.99376
66444.25443
66770.69126
67100.35145
67433.28316
67769.53499
68109.15702
68452.20035
68798.71659
69148.75892
69502.38163
69859.63955
70220.58922
70585.28835
70953.79529
71326.17017
71702.47441
72082.77014
72467.12141
62389.59857
52063.15
52063.15
52063.15
52063.15
52063.15
52063.15
52063.15
52063.15
52063.15
52063.15
52063.15
52063.15
52063.15
52063.15
52063.15
52063.15
52063.15
52063.15
52063.15
52063.15
52063.15
52063.15
52063.15
52063.15
52063.15
65867.69936
66189.72152
66514.90785
66843.30535
67174.96151
67509.92523
67848.24642
68189.97546
68535.16427
68883.86585
69236.13373
69592.02308
69951.59022
70314.89208
70681.98735
71052.93594
71427.79845
71806.63736
72189.51646
72576.50034
62445.25341
52063.15
52063.15
52063.15
52063.15
52063.15
52063.15
52063.15
52063.15
52063.15
52063.15
52063.15
52063.15
52063.15
52063.15
52063.15
52063.15
52063.15
52063.15
52063.15
52063.15
52063.15
52063.15
52063.15
52063.15
52063.15
65614.40479
65935.18862
66259.1246
66586.25909
66916.63986
67250.31565
67587.33565
67927.75056
68271.61213
68618.9726
68969.88583
69324.40678
69682.59102
70044.49581
70410.1796
70779.70152
71153.12249
71530.50477
71911.91131
72297.40705
72687.05828
62501.51159
52063.15
52063.15
52063.15
52063.15
52063.15
52063.15
52063.15
52063.15
52063.15
52063.15
52063.15
52063.15
52063.15
52063.15
52063.15
52063.15
52063.15
52063.15
52063.15
52063.15
52063.15
52063.15
52063.15
52063.15
52063.15
65361.11031
65680.65597
66003.34128
66329.21292
66658.31847
66990.70599
67326.42497
67665.52594
68008.0599
68354.07944
68703.6382
69056.7904
69413.59192
69774.09982
70138.37175
70506.46718
70878.44682
71254.37207
71634.30625
72018.31404
72406.46088
72798.81428
62558.38291
52063.15
52063.15
52063.15
52063.15
52063.15
52063.15
52063.15
52063.15
52063.15
52063.15
52063.15
52063.15
52063.15
52063.15
52063.15
52063.15
52063.15
52063.15
52063.15
52063.15
52063.15
52063.15
52063.15
52063.15
52063.15
65107.81591
65426.12306
65747.55787
66072.16682
66399.99682
66731.09623
67065.51437
67403.30105
67744.50758
68089.18636
68437.3903
68789.17392
69144.59292
69503.70354
69866.56381
70233.23295
70603.77086
70978.23929
71356.7013
71739.22074
72125.8634
72516.69651
72911.78815
62615.87703
52063.15
52063.15
52063.15
52063.15
52063.15
52063.15
52063.15
52063.15
52063.15
52063.15
52063.15
52063.15
52063.15
52063.15
52063.15
52063.15
52063.15
52063.15
52063.15
52063.15
52063.15
52063.15
52063.15
52063.15
52063.15
64854.52134
65171.59016
65491.77462
65815.12055
66141.67517
66471.48664
66804.6036
67141.07615
67480.95544
67824.29311
68171.1424
68521.55763
68875.59372
69233.30727
69594.75606
69959.99853
70329.0949
70702.10669
71079.09615
71460.12744
71845.26611
72234.57853
72628.13312
73025.9998
62674.00472
52063.15
52063.15
52063.15
52063.15
52063.15
52063.15
52063.15
52063.15
52063.15
52063.15
52063.15
52063.15
52063.15
52063.15
52063.15
52063.15
52063.15
52063.15
52063.15
52063.15
52063.15
52063.15
52063.15
52063.15
52063.15
64601.22687
64917.05751
65235.99131
65558.07438
65883.35378
66211.87698
66543.69292
66878.85153
67217.40322
67559.39995
67904.89477
68253.94125
68606.59463
68962.91128
69322.94822
69686.7642
70054.41922
70425.974
70801.49109
71181.03443
71564.66871
71952.46064
72344.47837
72740.79095
73141.46955
62732.77644
52063.15
52063.15
52063.15
52063.15
52063.15
52063.15
52063.15
52063.15
52063.15
52063.15
52063.15
52063.15
52063.15
52063.15
52063.15
52063.15
52063.15
52063.15
52063.15
52063.15
52063.15
52063.15
52063.15
52063.15
52063.15
64347.93246
64662.5246
64980.20789
65301.02828
65625.03213
65952.26722
66282.78232
66616.62663
66953.8509
67294.50688
67638.64687
67986.32477
68337.59561
68692.51501
69051.14028
69413.52996
69779.74326
70149.84121
70523.88614
70901.94113
71284.07122
71670.34286
72060.82333
72455.58201
72854.6898
73258.21855
62792.20255
52063.15
52063.15
52063.15
52063.15
52063.15
52063.15
52063.15
52063.15
52063.15
52063.15
52063.15
52063.15
52063.15
52063.15
52063.15
52063.15
52063.15
52063.15
52063.15
52063.15
52063.15
52063.15
52063.15
52063.15
52063.15
64094.63789
64407.9917
64724.42464
65043.98201
65366.71047
65692.65763
66021.87155
66354.40174
66690.29875
67029.61362
67372.39897
67718.70848
68068.59642
68422.11874
68779.33252
69140.29554
69505.06731
69873.70862
70246.28099
70622.84783
71003.47393
71388.22488
71777.16829
72170.37328
72567.90984
72969.85017
73376.26806
62852.29451
52063.15
52063.15
52063.15
52063.15
52063.15
52063.15
52063.15
52063.15
52063.15
52063.15
52063.15
52063.15
52063.15
52063.15
52063.15
52063.15
52063.15
52063.15
52063.15
52063.15
52063.15
52063.15
52063.15
52063.15
52063.15
63841.34342
64153.45905
64468.64133
64786.93584
65108.38909
65433.04797
65760.96087
66092.17712
66426.74653
66764.72047
67106.15134
67451.0921
67799.59733
68151.72274
68507.52468
68867.06121
69230.39163
69597.57593
69968.67593
70343.75482
70722.87654
71106.10699
71493.51355
71885.16443
72281.12998
72681.48209
73086.29366
73495.6398
62913.06351
52063.15
52063.15
52063.15
52063.15
52063.15
52063.15
52063.15
52063.15
52063.15
52063.15
52063.15
52063.15
52063.15
52063.15
52063.15
52063.15
52063.15
52063.15
52063.15
52063.15
52063.15
52063.15
52063.15
52063.15
52063.15
63588.04901
63898.92614
64212.85792
64529.88974
64850.06743
65173.43822
65500.05027
65829.95222
66163.19421
66499.82739
66839.90344
67183.47562
67530.59831
67881.32647
68235.71674
68593.82697
68955.71567
69321.44314
69691.07098
70064.66153
70442.27905
70823.98921
71209.85851
71599.95549
71994.35022
72393.11371
72796.31916
73204.04142
73616.35637
62974.52064
52063.15
52063.15
52063.15
52063.15
52063.15
52063.15
52063.15
52063.15
52063.15
52063.15
52063.15
52063.15
52063.15
52063.15
52063.15
52063.15
52063.15
52063.15
52063.15
52063.15
52063.15
52063.15
52063.15
52063.15
52063.15
63334.75444
63644.39323
63957.07466
64272.84347
64591.74578
64913.82863
65239.13949
65567.72733
65899.64206
66234.93414
66573.65554
66915.85933
67261.59912
67610.9302
67963.90899
68320.59255
68681.03971
69045.31054
69413.46583
69785.56823
70161.68176
70541.87123
70926.20347
71314.74675
71707.57027
72104.74533
72506.34487
72912.44281
73323.11537
73738.4405
63036.67815
52063.15
52063.15
52063.15
52063.15
52063.15
52063.15
52063.15
52063.15
52063.15
52063.15
52063.15
52063.15
52063.15
52063.15
52063.15
52063.15
52063.15
52063.15
52063.15
52063.15
52063.15
52063.15
52063.15
52063.15
52063.15
63081.45998
63389.86059
63701.29135
64015.79731
64333.42439
64654.21897
64978.22882
65305.5027
65636.08984
65970.04098
66307.40791
66648.24295
66992.60003
67340.53421
67692.10115
68047.35823
68406.36404
68769.17785
69135.86077
69506.47522
69881.08437
70259.75335
70642.54872
71029.53791
71420.7904
71816.37725
72216.37047
72620.8443
73029.87467
73443.53857
73861.91541
63099.548
52063.15
52063.15
52063.15
52063.15
52063.15
52063.15
52063.15
52063.15
52063.15
52063.15
52063.15
52063.15
52063.15
52063.15
52063.15
52063.15
52063.15
52063.15
52063.15
52063.15
52063.15
52063.15
52063.15
52063.15
52063.15
62828.16556
63135.32768
63445.50794
63758.7512
64075.10274
64394.60921
64717.31822
65043.27781
65372.53752
65705.1479
66041.16001
66380.62647
66723.60101
67070.13793
67420.29321
67774.12399
68131.68808
68493.04507
68858.25582
69227.38192
69600.48688
69977.63557
70358.89369
70744.32897
71134.01065
71528.00887
71926.39598
72329.24591
72736.63366
73148.63656
73565.33368
73986.80529
63163.14209
52063.15
52063.15
52063.15
52063.15
52063.15
52063.15
52063.15
52063.15
52063.15
52063.15
52063.15
52063.15
52063.15
52063.15
52063.15
52063.15
52063.15
52063.15
52063.15
52063.15
52063.15
52063.15
52063.15
52063.15
52063.15
62574.87099
62880.79477
63189.72469
63501.70494
63816.78109
64134.99962
64456.40744
64781.05291
65108.98537
65440.25465
65774.91211
66113.01017
66454.60182
66799.74166
67148.48545
67500.88956
67857.01212
68216.91247
68580.65067
68948.28862
69319.88958
69695.51759
70075.23865
70459.12023
70847.23069
71239.6405
71636.42169
72037.64731
72443.39266
72853.73476
73268.75174
73688.52416
74113.13445
63227.4735
52063.15
52063.15
52063.15
52063.15
52063.15
52063.15
52063.15
52063.15
52063.15
52063.15
52063.15
52063.15
52063.15
52063.15
52063.15
52063.15
52063.15
52063.15
52063.15
52063.15
52063.15
52063.15
52063.15
52063.15
52063.15
62321.57653
62626.26213
62933.94138
63244.65877
63558.4597
63875.38996
64195.49677
64518.82829
64845.43316
65175.3615
65508.66448
65845.3938
66185.60273
66529.34567
66876.67761
67227.65524
67582.33644
67940.77978
68303.04562
68669.19561
69039.29219
69413.39971
69791.5839
70173.91139
70560.45083
70951.27241
71346.44729
71746.0488
72150.15196
72558.83284
72972.16989
73390.24334
73813.13465
74240.9278
63292.55506
52063.15
52063.15
52063.15
52063.15
52063.15
52063.15
52063.15
52063.15
52063.15
52063.15
52063.15
52063.15
52063.15
52063.15
52063.15
52063.15
52063.15
52063.15
52063.15
52063.15
52063.15
52063.15
52063.15
52063.15
52063.15
62068.28211
62371.72922
62678.15796
62987.61266
63300.13805
63615.78021
63934.58616
64256.6034
64581.88084
64910.46842
65242.41658
65577.77732
65916.60371
66258.9494
66604.86967
66954.421
67307.66048
67664.64699
68025.44065
68390.10232
68758.69471
69131.28192
69507.92886
69888.70245
70273.67107
70662.90404
71056.47279
71454.45041
71856.91096
72263.93083
72675.58816
73091.96222
73513.13476
73939.18944
74370.21119
63358.39953
52063.15
52063.15
52063.15
52063.15
52063.15
52063.15
52063.15
52063.15
52063.15
52063.15
52063.15
52063.15
52063.15
52063.15
52063.15
52063.15
52063.15
52063.15
52063.15
52063.15
52063.15
52063.15
52063.15
52063.15
52063.15
61814.98755
62117.19631
62422.37471
62730.5664
63041.81639
63356.17061
63673.67539
63994.3785
64318.32868
64645.57516
64976.16868
65310.16102
65647.60452
65988.55312
66333.06191
66681.18657
67032.98452
67388.51439
67747.8355
68111.00902
68478.09741
68849.16394
69224.27383
69603.49371
69986.89112
70374.53566
70766.4985
71162.8518
71563.66995
71969.02903
72379.00621
72793.68109
73213.13509
73637.45086
74066.71366
74501.01072
63425.02092
52063.15
52063.15
52063.15
52063.15
52063.15
52063.15
52063.15
52063.15
52063.15
52063.15
52063.15
52063.15
52063.15
52063.15
52063.15
52063.15
52063.15
52063.15
52063.15
52063.15
52063.15
52063.15
52063.15
52063.15
52063.15
61561.69308
61862.66367
62166.5914
62473.52024
62783.49501
63096.56096
63412.76472
63732.15388
64054.77647
64380.68201
64709.92105
65042.54465
65378.60543
65718.15713
66061.25407
66407.95225
66758.30885
67112.38171
67470.23046
67831.91601
68197.50002
68567.04606
68940.61908
69318.28487
69700.11126
70086.16758
70476.5241
70871.2533
71270.42925
71674.12711
72082.42436
72495.40027
72913.13529
73335.71238
73763.21644
74195.73369
74633.35307
63492.43298
52063.15
52063.15
52063.15
52063.15
52063.15
52063.15
52063.15
52063.15
52063.15
52063.15
52063.15
52063.15
52063.15
52063.15
52063.15
52063.15
52063.15
52063.15
52063.15
52063.15
52063.15
52063.15
52063.15
52063.15
52063.15
61308.39867
61608.13076
61910.80799
62216.47413
62525.17335
62836.9512
63151.85411
63469.92898
63791.22415
64115.78893
64443.67315
64774.92817
65109.60641
65447.76086
65789.44614
66134.71801
66483.63289
66836.24892
67192.62549
67552.82271
67916.90253
68284.92827
68656.96404
69033.07593
69413.3315
69797.7992
70186.54961
70579.6549
70977.18825
71379.2251
71785.84263
72197.11914
72613.1354
73033.97402
73459.7189
73890.45657
74326.2756
74767.26598
63560.64943
52063.15
52063.15
52063.15
52063.15
52063.15
52063.15
52063.15
52063.15
52063.15
52063.15
52063.15
52063.15
52063.15
52063.15
52063.15
52063.15
52063.15
52063.15
52063.15
52063.15
52063.15
52063.15
52063.15
52063.15
52063.15
61055.1041
61353.59785
61655.02473
61959.42786
62266.8517
62577.3416
62890.94334
63207.70409
63527.67199
63850.89568
64177.42525
64507.31187
64840.60722
65177.36459
65517.63837
65861.48359
66208.95693
66560.11632
66915.02034
67273.72941
67636.30523
68002.81029
68373.309
68747.86719
69126.55154
69509.43082
69896.57532
70288.0563
70683.94724
71084.32329
71489.26068
71898.83802
72313.13572
72732.23544
73156.22137
73585.17967
74019.1979
74458.36633
74902.77742
63629.68528
52063.15
52063.15
52063.15
52063.15
52063.15
52063.15
52063.15
52063.15
52063.15
52063.15
52063.15
52063.15
52063.15
52063.15
52063.15
52063.15
52063.15
52063.15
52063.15
52063.15
52063.15
52063.15
52063.15
52063.15
52063.15
60801.80964
61099.06521
61399.24142
61702.3817
62008.53031
62317.73195
62630.03267
62945.47946
63264.11978
63586.00253
63911.17762
64239.6955
64571.60813
64906.96859
65245.83054
65588.24927
65934.28126
66283.98363
66637.4153
66994.6364
67355.70785
67720.69242
68089.65426
68462.65835
68839.77168
69221.06274
69606.60092
69996.4578
70390.70654
70789.42138
71192.67883
71600.5572
72013.13593
72430.49696
72852.72414
73279.90264
73712.12029
74149.46701
74592.03418
75039.91606
63699.5553
52063.15
52063.15
52063.15
52063.15
52063.15
52063.15
52063.15
52063.15
52063.15
52063.15
52063.15
52063.15
52063.15
52063.15
52063.15
52063.15
52063.15
52063.15
52063.15
52063.15
52063.15
52063.15
52063.15
52063.15
52063.15
60548.51522
60844.5323
61143.45801
61445.33559
61750.20866
62058.12219
62369.12206
62683.25457
63000.56746
63321.10944
63644.92972
63972.07902
64302.60911
64636.57232
64974.0226
65315.01502
65659.6053
66007.85085
66359.81033
66715.5431
67075.11036
67438.57463
67805.99922
68177.44941
68552.99192
68932.69436
69316.62643
69704.8594
70097.46554
70494.51936
70896.0971
71302.27607
71713.13603
72128.75859
72549.22661
72974.62552
73405.04282
73840.56736
74281.29084
74727.30712
75178.71167
63770.27426
52063.15
52063.15
52063.15
52063.15
52063.15
52063.15
52063.15
52063.15
52063.15
52063.15
52063.15
52063.15
52063.15
52063.15
52063.15
52063.15
52063.15
52063.15
52063.15
52063.15
52063.15
52063.15
52063.15
52063.15
52063.15
60295.22065
60589.99939
60887.67475
61188.28932
61491.88701
61798.5126
62108.21129
62421.02968
62737.01531
63056.21619
63378.68182
63704.46271
64033.60992
64366.17605
64702.21484
65041.7806
65384.92934
65731.71824
66082.20518
66436.44981
66794.51306
67156.45665
67522.34418
67892.24066
68266.21196
68644.32598
69026.65213
69413.26079
69804.22453
70199.61756
70599.51515
71003.99494
71413.13636
71827.02002
72245.72907
72669.34862
73097.96512
73531.66772
73970.54773
74414.69795
74864.21412
75319.19431
63841.85824
52063.15
52063.15
52063.15
52063.15
52063.15
52063.15
52063.15
52063.15
52063.15
52063.15
52063.15
52063.15
52063.15
52063.15
52063.15
52063.15
52063.15
52063.15
52063.15
52063.15
52063.15
52063.15
52063.15
52063.15
52063.15
60041.92619
60335.46675
60631.89145
60931.24316
61233.56562
61538.90295
61847.30062
62158.80505
62473.46309
62791.32304
63112.43419
63436.84635
63764.61083
64095.78006
64430.407
64768.54628
65110.25366
65455.58556
65804.60014
66157.3568
66513.91568
66874.33877
67238.68943
67607.03183
67979.43211
68355.9579
68736.67774
69121.66229
69510.98383
69904.71564
70302.9333
70705.71412
71113.13656
71525.28154
71942.23185
72364.0716
72790.88751
73222.7684
73659.80449
74102.08888
74549.7169
75002.78553
75461.39479
63914.32315
52063.15
52063.15
52063.15
52063.15
52063.15
52063.15
52063.15
52063.15
52063.15
52063.15
52063.15
52063.15
52063.15
52063.15
52063.15
52063.15
52063.15
52063.15
52063.15
52063.15
52063.15
52063.15
52063.15
52063.15
52063.15
59788.63177
60080.93384
60376.10803
60674.19705
60975.24397
61279.29319
61586.39001
61896.58016
62209.91077
62526.42996
62846.18629
63169.22987
63495.61181
63825.38379
64158.59906
64495.31203
64835.5777
65179.45277
65526.99517
65878.2635
66233.31819
66592.22098
66955.0344
67321.82289
67692.65234
68067.58952
68446.70324
68830.06389
69217.74283
69609.81363
70006.35157
70407.433
70813.13667
71223.54317
71638.73431
72058.79448
72483.81004
72913.86875
73349.06115
73789.47993
74235.21936
74686.37665
75143.05145
75605.3451
63987.68488
52063.15
52063.15
52063.15
52063.15
52063.15
52063.15
52063.15
52063.15
52063.15
52063.15
52063.15
52063.15
52063.15
52063.15
52063.15
52063.15
52063.15
52063.15
52063.15
52063.15
52063.15
52063.15
52063.15
52063.15
52063.15
59535.3372
59826.40093
60120.32477
60417.15078
60716.92232
61019.68359
61325.47923
61634.35526
61946.35862
62261.5367
62579.93839
62901.61356
63226.61262
63554.98751
63886.7913
64222.07761
64560.90174
64903.32017
65249.39002
65599.1702
65952.72089
66310.103
66671.37936
67036.61414
67405.87239
67779.22114
68156.72894
68538.46529
68924.50182
69314.91182
69709.76962
70109.15187
70513.13699
70921.80459
71335.23678
71753.51757
72176.73234
72604.96911
73038.31804
73476.87076
73920.72181
74369.96801
74824.70787
75285.04301
75751.07759
64061.96073
52063.15
52063.15
52063.15
52063.15
52063.15
52063.15
52063.15
52063.15
52063.15
52063.15
52063.15
52063.15
52063.15
52063.15
52063.15
52063.15
52063.15
52063.15
52063.15
52063.15
52063.15
52063.15
52063.15
52063.15
52063.15
59282.04274
59571.86829
59864.54147
60160.10463
60458.60093
60760.07394
61064.56857
61372.13064
61682.80641
61996.64356
62313.69077
62633.9972
62957.61353
63284.59152
63614.98347
63948.8433
64286.22607
64627.18749
64971.78498
65320.07719
65672.1235
66027.98513
66387.72461
66751.40531
67119.09254
67490.85306
67866.75455
68246.86679
68631.26112
69020.00991
69413.18778
69810.87105
70213.1372
70620.06612
71031.73956
71448.24055
71869.65474
72296.06978
72727.5748
73164.26169
73606.22459
74053.55923
74506.36439
74964.74126
75428.79284
75898.62541
64137.16782
52063.15
52063.15
52063.15
52063.15
52063.15
52063.15
52063.15
52063.15
52063.15
52063.15
52063.15
52063.15
52063.15
52063.15
52063.15
52063.15
52063.15
52063.15
52063.15
52063.15
52063.15
52063.15
52063.15
52063.15
52063.15
59028.74832
59317.33538
59608.75806
59903.05851
60200.27928
60500.46418
60803.65796
61109.90575
61419.25409
61731.75047
62047.44286
62366.38072
62688.61451
63014.19525
63343.17553
63675.60905
64011.55011
64351.0547
64694.18001
65040.98389
65391.52602
65745.86733
66104.06957
66466.19637
66832.31277
67202.48468
67576.78006
67955.26839
68338.02012
68725.1079
69116.60604
69512.58992
69913.13731
70318.32775
70728.24202
71142.96343
71562.57725
71987.17014
72416.83146
72851.65275
73291.72704
73737.15036
74188.02105
74644.43917
75106.508
75574.33336
76048.02301
64213.32328
52063.15
52063.15
52063.15
52063.15
52063.15
52063.15
52063.15
52063.15
52063.15
52063.15
52063.15
52063.15
52063.15
52063.15
52063.15
52063.15
52063.15
52063.15
52063.15
52063.15
52063.15
52063.15
52063.15
52063.15
52063.15
58775.45375
59062.80247
59352.97479
59646.01225
59941.95762
60240.85458
60542.74718
60847.68085
61155.70193
61466.85722
61781.19496
62098.76441
62419.61532
62743.79898
63071.36776
63402.37462
63736.87415
64074.92209
64416.57486
64761.89059
65110.92871
65463.74936
65820.41454
66180.98762
66545.53281
66914.1163
67286.80576
67663.66978
68044.77912
68430.20609
68820.02409
69214.3088
69613.13763
70016.58917
70424.74448
70837.68652
71255.49956
71678.2705
72106.08835
72539.04358
72977.2295
73420.74171
73869.67747
74324.13709
74784.2234
75250.04107
75721.69809
76199.30523
64290.44574
52063.15
52063.15
52063.15
52063.15
52063.15
52063.15
52063.15
52063.15
52063.15
52063.15
52063.15
52063.15
52063.15
52063.15
52063.15
52063.15
52063.15
52063.15
52063.15
52063.15
52063.15
52063.15
52063.15
52063.15
52063.15
58522.15964
58808.26982
59097.19149
59388.96609
59683.63624
59981.24493
60281.83652
60585.45623
60892.14972
61201.96408
61514.94734
61831.14804
62150.61623
62473.40298
62799.55993
63129.14031
63462.19847
63798.78941
64138.96982
64482.79758
64830.33133
65181.63148
65536.75979
65895.77879
66258.75296
66625.74822
66996.83137
67372.07129
67751.53841
68135.30418
68523.44225
68916.02798
69313.13784
69714.8507
70121.24726
70532.4095
70948.42196
71369.37117
71795.34511
72226.4345
72662.73228
73104.33294
73551.33399
74003.83534
74461.93866
74925.74886
75395.37351
75870.92214
76352.50779
64368.55365
52063.15
52063.15
52063.15
52063.15
52063.15
52063.15
52063.15
52063.15
52063.15
52063.15
52063.15
52063.15
52063.15
52063.15
52063.15
52063.15
52063.15
52063.15
52063.15
52063.15
52063.15
52063.15
52063.15
52063.15
52063.15
58268.86531
58553.73613
58841.40808
59131.91998
59425.31458
59721.63518
60020.9259
60323.23133
60628.5974
60937.07098
61248.69944
61563.53157
61881.61721
62203.00671
62527.75199
62855.90606
63187.52252
63522.65663
63861.36484
64203.70429
64549.73384
64899.51369
65253.10475
65610.56985
65971.97319
66337.37984
66706.85688
67080.47288
67458.29741
67840.40217
68226.86051
68617.74685
69013.13795
69413.11233
69817.74973
70227.13238
70641.34447
71060.47153
71484.60178
71913.82556
72348.23473
72787.92406
73232.99064
73683.53325
74139.65382
74601.45681
75069.0486
75542.53897
76022.04048
76507.66783
52063.15
52063.15
52063.15
52063.15
52063.15
52063.15
52063.15
52063.15
52063.15
52063.15
52063.15
52063.15
52063.15
52063.15
52063.15
52063.15
52063.15
52063.15
52063.15
52063.15
52063.15
52063.15
52063.15
52063.15
58015.56996
58299.20322
58585.62526
58874.87371
59166.99293
59462.02557
59760.01513
60061.00644
60365.04524
60672.17773
60982.45153
61295.91526
61612.61801
61932.61044
62255.94422
62582.67163
62912.84656
63246.52402
63583.75969
63924.61099
64269.13654
64617.39571
64969.44971
65325.3611
65685.19324
66049.01146
66416.88257
66788.87428
67165.05641
67545.50035
67930.27856
68319.46572
68713.13826
69111.37375
69514.25219
69921.85547
70334.26677
70751.57189
71173.85866
71601.21639
72033.73718
72471.51542
72914.64707
73363.23117
73817.36921
74277.16452
74742.72369
75214.15603
75691.57291
76175.08924
52063.15
52063.15
52063.15
52063.15
52063.15
52063.15
52063.15
52063.15
52063.15
52063.15
52063.15
52063.15
52063.15
52063.15
52063.15
52063.15
52063.15
52063.15
52063.15
52063.15
52063.15
52063.15
52063.15
57762.27576
58044.67215
58329.84187
58617.8279
58908.67154
59202.41593
59499.10447
59798.78181
60101.49303
60407.28459
60716.20391
61028.29889
61343.61894
61662.21445
61984.1364
62309.43732
62638.17088
62970.39134
63306.15466
63645.51798
63988.53916
64335.27784
64685.79497
65040.15227
65398.41339
65760.64338
66126.90819
66497.27579
66871.8157
67250.59845
67633.69672
68021.1849
68413.13847
68809.63528
69210.75497
69616.57846
70027.18918
70442.67256
70863.11542
71288.60732
71719.23996
72155.10664
72596.30359
73042.92941
73495.08447
73952.87232
74416.39911
74885.77295
75361.10544
75842.511
52063.15
52063.15
52063.15
52063.15
52063.15
52063.15
52063.15
52063.15
52063.15
52063.15
52063.15
52063.15
52063.15
52063.15
52063.15
52063.15
52063.15
52063.15
52063.15
52063.15
52063.15
52063.15
57508.98186
57790.13846
58074.05766
58360.78188
58650.34909
58942.80617
59238.19385
59536.55692
59837.94071
60142.3915
60449.95601
60760.68242
61074.61991
61391.81817
61712.32846
62036.20307
62363.49492
62694.25856
63028.54968
63366.42468
63707.94167
64053.16004
64402.13993
64754.94333
65111.63362
65472.275
65836.93369
66205.67738
66578.5747
66955.69644
67337.11498
67722.90378
68113.13858
68507.8969
68907.25743
69311.30133
69720.11169
70133.77292
70552.37209
70975.99837
71404.74242
71838.69777
72277.96024
72722.62733
73172.79963
73628.58026
74090.07419
74557.38978
75030.63811
75509.93241
52063.15
52063.15
52063.15
52063.15
52063.15
52063.15
52063.15
52063.15
52063.15
52063.15
52063.15
52063.15
52063.15
52063.15
52063.15
52063.15
52063.15
52063.15
52063.15
52063.15
52063.15
57255.6865
57535.60476
57818.27493
58103.73482
58392.02744
58683.19702
58977.28308
59274.33203
59574.38855
59877.49824
60183.7081
60493.0661
60805.62071
61121.4219
61440.52068
61762.96865
62088.81896
62418.12594
62750.94453
63087.33138
63427.34436
63771.04206
64118.48489
64469.73457
64824.85366
65183.90662
65546.95939
65914.07878
66285.3337
66660.79462
67040.53303
67424.62265
67813.13889
68206.15832
68603.7599
69006.02442
69413.03399
69824.87328
70241.62897
70663.3892
71090.24487
71522.28912
71959.61666
72402.32525
72850.51503
73304.28796
73763.74928
74229.00684
74700.17055
75177.35382
52063.15
52063.15
52063.15
52063.15
52063.15
52063.15
52063.15
52063.15
52063.15
52063.15
52063.15
52063.15
52063.15
52063.15
52063.15
52063.15
52063.15
52063.15
52063.15
52063.15
57002.39233
57281.07369
57562.4919
57846.68893
58133.70765
58423.58728
58716.37277
59012.10775
59310.83634
59612.60511
59917.46048
60225.44974
60536.62164
60851.02591
61168.71286
61489.73434
61814.14329
62141.99327
62473.3395
62808.23837
63146.74699
63488.9242
63834.83014
64184.52575
64538.07381
64895.53854
65256.985
65622.48028
65992.093
66365.89272
66743.9512
67126.34183
67513.13911
67904.41986
68300.26267
68700.74741
69105.9564
69515.97395
69930.88574
70350.78013
70775.74765
71205.88035
71641.27319
72082.02349
72528.23029
72979.99577
73437.4247
73900.62376
74369.70308
74844.77558
52063.15
52063.15
52063.15
52063.15
52063.15
52063.15
52063.15
52063.15
52063.15
52063.15
52063.15
52063.15
52063.15
52063.15
52063.15
52063.15
52063.15
52063.15
52063.15
56749.0984
57026.54
57306.70769
57589.64334
57875.3852
58163.97672
58455.46225
58749.88215
59047.28356
59347.71201
59651.21258
59957.83327
60267.62261
60580.62964
60896.90492
61216.50008
61539.46733
61865.86048
62195.73452
62529.14507
62866.1495
63206.80639
63551.17511
63899.31681
64251.29404
64607.17016
64967.01051
65330.88187
65698.85199
66070.9907
66447.36945
66828.0607
67213.13922
67602.68148
67996.76514
68395.47029
68798.87891
69207.07431
69620.1424
70038.17118
70461.2501
70889.47147
71322.92984
71761.72141
72205.94545
72655.70371
73111.09978
73572.24059
74039.23575
74512.19699
52063.15
52063.15
52063.15
52063.15
52063.15
52063.15
52063.15
52063.15
52063.15
52063.15
52063.15
52063.15
52063.15
52063.15
52063.15
52063.15
52063.15
52063.15
56495.80305
56772.0063
57050.92494
57332.59627
57617.06275
57904.36765
58194.55067
58487.6568
58783.73196
59082.8184
59384.96468
59690.21695
59998.62341
60310.23337
60625.09715
60943.26566
61264.79137
61589.72787
61918.12937
62250.05178
62585.55219
62924.68842
63267.52007
63614.10805
63964.51408
64318.80178
64677.0362
65039.28327
65405.61099
65776.08888
66150.7875
66529.77958
66913.13953
67300.9429
67693.2676
68090.19337
68491.80121
68898.17466
69309.39928
69725.56201
70146.75256
70573.06282
71004.58626
71441.41932
71883.66084
72331.41141
72784.77487
73243.85765
73708.76818
74179.6184
52063.15
52063.15
52063.15
52063.15
52063.15
52063.15
52063.15
52063.15
52063.15
52063.15
52063.15
52063.15
52063.15
52063.15
52063.15
52063.15
52063.15
56242.50889
56517.47523
56795.14192
57075.55041
57358.74296
57644.75828
57933.64028
58225.4338
58520.18001
58817.92551
59118.71787
59422.60059
59729.62434
60039.83737
60353.28933
60670.03135
60990.11569
61313.5952
61640.52434
61970.95877
62304.95481
62642.57055
62983.86532
63328.89923
63677.73424
64030.4337
64387.06182
64747.68478
65112.37029
65481.18698
65854.20567
66231.49876
66613.13975
66999.20443
67389.77038
67784.91636
68184.72362
68589.27534
68998.65605
69412.95294
69832.25534
70256.65405
70686.24279
71121.11757
71561.3761
72007.11922
72458.45029
72915.47457
73378.30072
73847.04015
52063.15
52063.15
52063.15
52063.15
52063.15
52063.15
52063.15
52063.15
52063.15
52063.15
52063.15
52063.15
52063.15
52063.15
52063.15
52063.15
55989.21495
56262.94153
56539.35772
56818.50479
57100.4205
57385.14772
57672.7302
57963.20809
58256.62688
58553.03298
58852.46915
59154.98365
59460.6253
59769.4411
60081.48139
60396.79709
60715.43973
61037.46241
61362.91936
61691.86547
62024.35733
62360.45275
62700.21028
63043.69029
63390.95447
63742.06532
64097.08732
64456.08637
64819.12928
65186.28497
65557.62392
65933.21763
66313.13986
66697.46606
67086.27285
67479.63924
67877.64613
68280.3757
68687.91271
69100.34399
69517.75779
69940.24518
70367.89944
70800.81549
71239.09126
71682.82716
72132.12537
72587.0914
73047.83339
73514.46157
52063.15
52063.15
52063.15
52063.15
52063.15
52063.15
52063.15
52063.15
52063.15
52063.15
52063.15
52063.15
52063.15
52063.15
52063.15
55735.91959
56008.40784
56283.57495
56561.45773
56842.09805
57125.53863
57411.81861
57700.98239
57993.07526
58288.13891
58586.22042
58887.36791
59191.62575
59499.04483
59809.67361
60123.56267
60440.76377
60761.32979
61085.31421
61412.77217
61743.76001
62078.33477
62416.55524
62758.48153
63104.17451
63453.69695
63807.11301
64164.48777
64525.88828
64891.38315
65261.04197
65634.9365
66013.14016
66395.72748
66782.77531
67174.36232
67570.56843
67971.47605
68377.16959
68787.73482
69203.26025
69623.83652
70049.55586
70480.5134
70916.80665
71358.53486
71805.80046
72258.70845
72717.36582
73181.88298
52063.15
52063.15
52063.15
52063.15
52063.15
52063.15
52063.15
52063.15
52063.15
52063.15
52063.15
52063.15
52063.15
52063.15
55482.62546
55753.87677
56027.79195
56304.41188
56583.77826
56865.92928
57150.90824
57438.75939
57729.52333
58023.24604
58319.97444
58619.7518
58922.62693
59228.64967
59537.86579
59850.32837
60166.0881
60485.19712
60807.70918
61133.67916
61463.16264
61796.21691
62132.9005
62473.27271
62817.39467
63165.32886
63517.13863
63872.88928
64232.64758
64596.48125
64964.46014
65336.65569
65713.14039
66093.98901
66479.27809
66869.08531
67263.49084
67662.57673
68066.42636
68475.12576
68888.76302
69307.42776
69731.21239
70160.21165
70594.52192
71034.24267
71479.47588
71930.32538
72386.89836
72849.30473
52063.15
52063.15
52063.15
52063.15
52063.15
52063.15
52063.15
52063.15
52063.15
52063.15
52063.15
52063.15
52063.15
55229.33149
55499.34307
55772.00775
56047.36625
56325.45581
56606.31872
56889.99814
57176.53368
57465.9702
57758.35349
58053.72572
58352.1345
58653.62847
58958.25256
59266.05737
59577.0941
59891.41214
60209.06434
60530.1042
60854.58586
61182.56515
61514.0991
61849.24546
62188.06377
62530.61489
62876.96049
63227.16414
63581.29086
63939.40657
64301.57924
64667.87839
65038.37456
65413.1405
65792.25063
66175.78055
66563.80819
66956.41335
67353.67709
67755.68303
68162.5168
68574.26548
68991.01888
69412.86903
69839.90956
70272.23708
70709.95061
71153.15097
71601.94221
72056.43103
72516.72615
52063.15
52063.15
52063.15
52063.15
52063.15
52063.15
52063.15
52063.15
52063.15
52063.15
52063.15
52063.15
54976.03614
55244.80938
55516.22496
55790.31919
56067.13336
56346.70961
56629.08656
56914.30798
57202.41856
57493.45941
57787.47699
58084.51874
58384.62845
58687.85546
58994.25018
59303.85932
59616.73618
59932.93171
60252.49905
60575.49256
60901.96784
61231.98112
61565.59042
61902.85501
62243.83493
62588.59211
62937.18983
63289.69226
63646.16557
64006.67742
64371.29644
64740.09343
65113.1408
65490.51206
65872.28302
66258.53127
66649.33565
67044.77744
67444.9399
67849.90763
68259.76793
68674.61022
69094.52546
69519.60748
69949.95246
70385.65831
70826.82605
71273.55926
71725.96346
72184.14756
52063.15
52063.15
52063.15
52063.15
52063.15
52063.15
52063.15
52063.15
52063.15
52063.15
52063.15
54722.74202
54990.27831
55260.44198
55533.27336
55808.81357
56087.10028
56368.17621
56652.08497
56938.86665
57228.56657
57521.23101
57816.90266
58115.62964
58417.46113
58722.44262
59030.62527
59342.06135
59656.79905
59974.89402
60296.39955
60621.37047
60949.86326
61281.93568
61617.64619
61957.05509
62300.22403
62647.21545
62998.09378
63352.92487
63711.77552
64074.71462
64441.81261
64813.14102
65188.77359
65568.78579
65953.25427
66342.25806
66735.87812
67134.19667
67537.29857
67945.27071
68358.20146
68776.18199
69199.30572
69627.66774
70061.36613
70500.50147
70945.17619
71395.496
71851.56931
52063.15
52063.15
52063.15
52063.15
52063.15
52063.15
52063.15
52063.15
52063.15
52063.15
54469.44804
54735.74461
55004.65778
55276.22771
55550.49112
55827.48972
56107.26608
56389.85927
56675.31352
56963.674
57254.98229
57549.28536
57846.63116
58147.06403
58450.63384
58757.39159
59067.38455
59380.66578
59697.28903
60017.30626
60340.77298
60667.74545
60998.28064
61332.43725
61670.27531
62011.85565
62357.24096
62706.49536
63059.68386
63416.87351
63778.13286
64143.53149
64513.14113
64887.03521
65265.28826
65647.97715
66035.18057
66426.97847
66823.45334
67224.68961
67630.77317
68041.79259
68457.83863
68879.00364
69305.3829
69737.07406
70174.17656
70616.79302
71065.02867
71518.99072
52063.15
52063.15
52063.15
52063.15
52063.15
52063.15
52063.15
52063.15
52063.15
54216.15269
54481.21092
54748.87497
55019.18064
55292.16867
55567.88059
55846.3545
56127.63356
56411.76186
56698.77992
56988.73357
57281.66958
57577.63114
57876.66692
58178.82663
58484.15632
58792.70774
59104.53375
59419.68352
59738.21296
60060.17566
60385.62748
60714.6256
61047.22849
61383.49536
61723.48727
62067.26664
62414.89676
62766.44286
63121.97168
63481.55091
63845.25036
64213.14143
64585.29663
64961.79072
65342.70022
65728.10287
66118.07883
66512.71021
66912.08044
67316.27562
67725.38392
68139.49505
68558.70156
68983.09828
69412.78176
69847.85164
70288.41007
70734.5611
71186.41214
52063.15
52063.15
52063.15
52063.15
52063.15
52063.15
52063.15
52063.15
53962.85859
54226.67985
54493.09201
54762.13483
55033.84888
55308.27128
55585.44417
55865.41056
56148.20997
56433.8871
56722.48758
57014.05352
57308.63236
57606.2726
57907.01909
58210.92229
58518.03376
58828.40135
59142.07874
59459.12081
59779.5783
60103.50962
60430.97085
60762.01967
61096.71552
61435.11919
61777.29227
62123.29828
62473.20216
62827.06979
63184.96909
63546.96954
63913.14166
64283.55817
64658.2935
65037.42322
65421.02529
65809.17951
66201.96699
66599.47139
67001.7784
67408.97516
67821.15159
68238.3998
68660.81355
69088.48958
69521.52706
69960.027
70404.09364
70853.83389
52063.15
52063.15
52063.15
52063.15
52063.15
52063.15
52063.15
53709.56459
53972.14615
54237.30781
54505.08916
54775.52643
55048.66072
55324.53402
55603.18486
55884.65684
56168.9945
56456.23886
56746.43622
57039.63386
57335.87549
57635.21031
57937.6886
58243.35695
58552.26771
58864.47436
59180.02665
59498.98031
59821.39181
60147.31544
60476.81073
60809.93574
61146.75081
61487.31777
61831.69985
62179.96115
62532.16778
62888.38733
63248.68841
63613.14177
63981.81979
64354.79596
64732.1461
65113.94779
65500.27986
65891.22365
66286.86242
66687.28085
67092.56629
67502.80823
67918.09772
68338.52871
68764.19751
69195.20215
69631.64383
70073.6263
70521.2553
52063.15
52063.15
52063.15
52063.15
52063.15
52063.15
53456.26923
53717.61246
53981.52498
54248.0421
54517.20397
54789.05157
55063.62244
55340.95915
55621.10516
55904.10043
56189.99014
56478.82041
56770.63383
57065.47838
57363.40308
57664.45333
57968.68014
58276.13567
58586.86835
58900.93249
59218.38361
59539.27346
59863.66027
60191.60247
60523.15578
60858.38243
61197.34345
61540.10125
61886.72015
62237.26595
62591.80538
62950.40729
63313.14207
63680.08121
64051.29843
64426.86917
64806.87009
65191.38022
65580.48052
65974.25325
66372.78331
66776.15763
67184.46465
67597.79563
68016.24409
68439.90521
68868.87723
69303.26088
69743.15874
70188.67671
52063.15
52063.15
52063.15
52063.15
52063.15
53202.97515
53463.08139
53725.74204
53990.99631
54258.88418
54529.44228
54802.71213
55078.73615
55357.55329
55639.20763
55923.74416
56211.20437
56501.63507
56795.08406
57091.59556
57391.21932
57694.00617
58000.00328
58309.2636
58621.8412
58937.7865
59257.15586
59580.00691
59906.39352
60236.37632
60570.01435
60907.36908
61248.50277
61593.47945
61942.36406
62295.22356
62652.12647
63013.1423
63378.34275
63747.80121
64121.59217
64499.79251
64882.48089
65269.7373
65661.6442
66058.28608
66459.74887
66866.12119
67277.49388
67693.95937
68115.61303
68542.55266
68974.87781
69412.69128
69856.09847
52063.15
52063.15
52063.15
52063.15
52949.68113
53208.54769
53469.95784
53733.95062
54000.56173
54269.83172
54541.80196
54816.51044
55094.00016
55374.31501
55657.49543
55943.58707
56232.63655
56524.68695
56819.78679
57117.9856
57419.32936
57723.86964
58031.65919
58342.74704
58657.18815
58975.03866
59296.35099
59621.18371
59949.59667
60281.64508
60617.39459
60956.90435
61300.23845
61647.46205
61998.6418
62353.84534
62713.14241
63076.60436
63444.30367
63816.31505
64192.715
64573.58125
64958.99396
65349.03523
65743.78854
66143.34
66547.77783
66957.1918
67371.67453
67791.32096
68216.22774
68646.49464
69082.22394
69523.51988
52063.15
52063.15
52063.15
52696.38578
52954.014
53214.17499
53476.90356
53742.23928
54010.22255
54280.89038
54554.28474
54830.44846
55109.42094
55391.24671
55675.97124
55963.63652
56254.28985
56547.97953
56844.75033
57144.65255
57447.73758
57754.05318
58063.65288
58376.59142
58692.9198
59012.69508
59335.97556
59662.81583
59993.2767
60327.42079
60665.30575
61006.99744
61352.56021
61702.05985
62055.56421
62413.1427
62774.86579
63140.80614
63511.03812
63885.63731
64264.68161
64648.25082
65036.42606
65429.29099
65826.93133
66229.43425
66636.88971
67049.3899
67467.02866
67889.90283
68318.11168
68751.75637
69190.94129
52063.15
52063.15
52443.09172
52699.48292
52958.39207
53219.85779
53483.91949
53750.61328
54019.98009
54292.06174
54566.89661
54844.52815
55125.00073
55408.35523
55694.63779
55983.89552
56276.17203
56571.51635
56869.97857
57171.60522
57476.44845
57784.5616
58095.99433
58410.80223
58729.04208
59050.76701
59376.03625
59704.9104
60037.44628
60373.70765
60713.75712
61057.65833
61405.47803
61757.28339
62113.14294
62473.12733
62837.30891
63205.76113
63578.55973
63955.78228
64337.50761
64723.81701
65114.79377
65510.52257
65911.09079
66316.58796
66727.10518
67142.73649
67563.57825
67989.72862
68421.28892
68858.36305
52189.79768
52444.94923
52702.60787
52962.81208
53225.59704
53491.00272
53759.06991
54029.83603
54303.34348
54579.63552
54858.752
55140.73793
55425.63924
55713.49842
56004.36326
56298.28261
56595.30177
56895.47158
57198.84402
57505.46744
57815.39598
58128.685
58445.38617
58765.55719
59089.25709
59416.54113
59747.47089
60082.10936
60420.51536
60762.75578
61108.89627
61459.00227
61813.14304
62171.38894
62533.81138
62900.48401
63271.48222
63646.88264
64026.76427
64411.20804
64800.29623
65194.1137
65592.74742
65996.28587
66404.82034
66818.44441
67237.25333
67661.34545
68090.82158
68525.78446
52190.41554
52446.825
52705.76501
52967.27459
53231.39353
53498.15832
53767.61033
54039.79175
54314.74144
54592.50328
54873.12208
55156.63922
55443.10131
55732.55598
56025.04734
56320.62496
56619.33949
56921.23801
57226.37328
57534.79923
57846.56615
58161.73025
58480.34903
58802.47624
59128.17186
59457.49721
59790.50986
60127.27383
60467.85462
60812.31394
61160.72114
61513.14334
61869.65036
62230.31384
62595.20707
62964.40452
63337.983
63716.02113
64098.59887
64485.79868
64877.70503
65274.40385
65675.98379
66082.53572
66494.15211
66910.92842
67332.96249
67760.35401
68193.20587
52191.0421
52448.71926
52708.9548
52971.78428
53237.24806
53505.38732
53776.23993
54049.84868
54326.2573
54605.50608
54887.6405
55172.70699
55460.7485
55751.81338
56045.95098
56343.20715
56643.6333
56947.28199
57254.20217
57564.4486
57878.07726
58195.1405
58515.69669
58839.80556
59167.5231
59498.91164
59834.03494
60172.95298
60515.73236
60862.44124
61213.14357
61567.91191
61926.81662
62289.93008
62657.32695
63029.08367
63405.27792
63785.98983
64171.30146
64561.29628
64956.06039
65355.68204
65760.251
66169.85994
66584.60384
67004.57943
67429.88656
67860.62762
52191.67353
52450.63235
52712.17372
52976.33785
53243.16162
53512.6868
53784.95602
54060.00857
54337.88878
54618.64194
54902.30988
55188.93973
55478.57961
55771.27417
56067.07351
56366.02885
56668.18783
56973.60382
57282.33135
57594.42135
57909.93068
58228.91751
58551.43629
58877.54772
59207.31385
59540.79303
59878.05006
60219.15127
60564.15919
60913.14314
61266.17352
61623.31908
61984.65296
62350.24944
62720.18403
63094.53459
63473.38085
63856.80391
64244.8874
64637.71702
65035.37995
65437.96616
65845.56786
66258.27892
66676.19626
67099.41922
67528.04904
52192.3099
52452.56451
52715.42627
52980.93591
53249.13505
53520.06195
53793.75985
54070.27291
54349.64191
54631.91277
54917.13243
55205.34434
55496.59736
55790.9414
56088.42284
56389.09367
56693.00704
57000.2125
57310.76543
57624.72249
57942.13666
58263.06702
58587.57401
58915.71435
59247.55112
59583.14887
59922.56841
60265.87714
60613.14412
60964.43455
61319.82155
61679.37602
62043.17174
62411.28439
62783.79144
63160.77168
63542.30637
63928.47873
64319.37344
64715.07787
65115.68153
65521.27556
65931.95401
66347.8133
66768.95165
67195.47045
52192.95528
52454.51602
52718.71291
52985.58325
53255.16921
53527.51387
53802.65694
54080.64321
54361.51845
54645.32498
54932.1104
55221.92339
55514.80908
55810.81816
56110.00239
56412.41
56718.09497
57027.11244
57339.51398
57655.35713
57974.70072
58297.59993
58624.11615
58954.31223
59288.24725
59625.98685
59967.59817
60313.1446
60662.69634
61016.32526
61374.09903
61736.09417
62102.38506
62473.04823
62848.16264
63227.80915
63612.06998
64001.02999
64394.77611
64793.39681
65196.98339
65605.62943
66019.43024
66438.4842
66862.8922
52193.60579
52456.48721
52722.03011
52990.27653
53261.26514
53535.03964
53811.64463
54091.12134
54373.5162
54658.87662
54947.24658
55238.67545
55533.21368
55830.90823
56131.81165
56435.97769
56743.45652
57054.30417
57368.57792
57686.33145
58007.62454
58332.51834
58661.07032
58993.34433
59329.40573
59669.31612
60013.14378
60360.95864
60712.82679
61068.82136
61429.01666
61793.48542
62162.3049
62535.55367
62913.3116
63295.66111
63682.68662
64074.47403
64471.11198
64872.6913
65279.30451
65691.04707
66108.01685
66530.31361
52194.2615
52458.47835
52725.38246
52995.01642
53267.42375
53542.6446
53820.72423
54101.70888
54385.64135
54672.56977
54962.54331
55255.60767
55551.81407
55851.21485
56153.85884
56459.80061
56769.09595
57081.79708
57397.96218
57717.65081
58040.91883
58367.82841
58698.44312
59032.82287
59371.03407
59713.14474
60059.21912
60409.32832
60763.54513
61121.93857
61484.58577
61851.56175
62222.9445
62598.81405
62979.25243
63364.34304
63754.17194
64148.82734
64548.39901
64952.9796
65362.6641
65777.54929
66197.73503
52194.92657
52460.48974
52728.77044
52999.80779
53273.64593
53550.32991
53829.90145
54112.40743
54397.89579
54686.41102
54978.00301
55272.72278
55570.61784
55871.74134
56176.14762
56483.88747
56795.01757
57109.59588
57427.67675
57749.32067
58074.58952
58403.54153
58736.24134
59072.7551
59413.14525
59757.48093
60105.83297
60458.26838
60814.86124
61175.6874
61540.81855
61910.33585
62284.31683
62662.84369
63045.99959
63433.87019
63826.54263
64224.10684
64626.65502
65034.28105
65447.08185
65865.15678
52195.59704
52462.52171
52732.19049
53004.64732
53279.93281
53558.09267
53839.17362
54123.21898
54410.27738
54700.39851
54993.62862
55290.01949
55589.62404
55892.4917
56198.67766
56508.23834
56821.22661
57137.70136
57457.72283
57781.34761
58108.63861
58439.66019
58774.47305
59113.14443
59455.74321
59802.3345
60152.99032
60507.78443
60866.78681
61230.07465
61597.72705
61969.81832
62346.43481
62727.65622
63113.56811
63504.25779
63899.81475
64300.33011
64705.89788
65116.61449
65532.57819
52196.27299
52464.57458
52735.64729
53009.5357
53286.28533
53565.93835
53848.54218
54134.14522
54422.7925
54714.53446
55009.42266
55307.50519
55608.83579
55913.46942
56221.45749
56532.85734
56847.72761
57166.12332
57488.1057
57813.73737
58143.07733
58476.191
58813.14536
59154.00369
59498.83602
59847.71407
60200.70578
60557.88621
60919.33222
61285.11691
61655.32077
62030.02672
62409.31264
62793.26602
63181.97315
63575.52246
63974.00519
64377.51491
64786.14692
65199.9996
52196.95865
52466.64864
52739.14138
53014.47792
53292.70446
53573.8682
53858.01295
54145.18787
54435.44318
54728.82567
55025.38771
55325.18279
55628.26096
55934.67801
56244.49104
56557.75357
56874.52518
57194.86681
57518.83581
57846.49582
58177.91202
58513.14589
58852.26553
59195.34068
59542.43734
59893.62847
60248.98879
60608.58926
60972.5081
61340.82549
61713.61779
62090.96959
62472.96427
62859.68845
63251.2303
63647.68061
64049.13186
64455.67949
64867.42136
52197.65001
52468.74427
52742.66914
53019.47063
53299.19139
53581.87931
53867.58334
54156.34901
54448.22732
54743.27039
55041.52688
55343.05114
55647.89876
55956.12177
56267.77819
56582.92731
56901.6249
57223.93288
57549.91466
57879.62997
58213.14508
58550.52777
58891.8422
59237.15928
59586.55164
59940.0882
60297.84497
60659.89985
61026.32697
61397.20794
61772.6264
62152.66119
62537.40361
62926.9382
63321.3557
63720.74869
64125.21213
64534.84277
52198.34716
52470.86178
52746.23536
53024.51458
53305.74713
53589.97733
53877.25485
54167.63047
54461.15153
54757.87096
55057.84288
55361.11791
55667.7525
55977.80441
56291.32781
56608.38299
56929.03162
57253.33179
57581.34793
57913.14598
58248.78826
58588.34373
58931.883
59279.47299
59631.1876
59987.10252
60347.28971
60711.82846
61080.8
61454.28183
61832.35911
62215.11956
62602.64551
62995.03078
63392.36572
63794.74456
64202.26418
52199.05439
52473.00149
52749.8406
53029.61488
53312.37272
53598.16357
53887.03351
54179.03408
54474.21797
54772.63445
55074.33846
55379.38621
55687.8304
55999.72969
56315.1441
56634.13008
56956.75031
57283.06895
57613.14654
57947.05013
58284.84838
58626.6063
58972.39571
59322.29018
59676.35958
60034.68093
60397.33318
60764.3915
61135.93862
61512.05934
61892.83467
62278.35355
62668.70721
63063.98267
63464.27713
63869.68594
52199.76763
52475.1638
52753.48125
53034.76817
53319.06941
53606.43515
53896.91673
54190.56206
54487.42463
54787.55917
55091.01694
55397.85501
55708.1318
56021.90219
56339.22716
56660.16912
56984.7869
57313.14572
57645.31234
57981.34991
58321.32824
58665.31885
59013.38958
59365.61529
59722.07265
60082.83466
60447.98165
60817.59599
61191.75626
61570.54883
61954.06225
62342.38129
62735.59889
63133.80977
63537.10735
52200.48699
52477.34904
52757.16216
53039.97525
53325.83828
53614.79788
53906.90614
54202.21634
54500.77833
54802.64767
55107.8812
55416.5323
55728.66028
56044.32587
56363.58626
56686.50485
57013.1466
57343.57283
57677.85144
58016.05193
58358.2402
58704.48899
59054.87281
59409.46251
59768.33614
60131.57369
60499.25142
60871.45319
61248.26495
61629.76895
62016.05537
62407.21673
62803.34179
63204.52876
52201.21682
52479.55757
52760.88396
53045.24134
53332.68045
53623.25315
53917.00793
54213.9989
54514.28137
54817.90722
55124.9342
55435.42139
55749.42436
56067.0048
56388.22588
56713.14718
57041.83472
57374.35609
57710.77526
58051.16295
58395.59157
58744.1299
59096.85377
59453.84087
59815.16522
60180.90824
60551.15341
60925.98049
61305.47702
61689.7328
62078.83389
62472.87456
62871.95154
52201.953
52481.7898
52764.64299
53050.56308
53339.59723
53631.79812
53927.21959
54225.9121
54527.93183
54833.33629
55142.17948
55454.52144
55770.42358
56089.94383
56413.14637
56740.09691
57070.85762
57405.4972
57744.08606
58086.69097
58433.38561
58784.24545
59139.34235
59498.75537
59862.56557
60230.85034
60603.69466
60981.18569
61363.40688
61750.44971
62142.40802
62539.37193
52202.69564
52484.04609
52768.44423
53055.94132
53346.58981
53640.43874
53937.54283
54237.958
54541.73678
54848.93757
55159.62012
55473.84072
55791.66178
56113.14722
56438.3574
56767.35914
57100.22087
57437.00741
57777.79038
58122.6431
58471.63531
58824.84383
59182.34737
59544.22101
59910.54727
60281.41075
60656.89239
61037.08096
61422.06752
61811.93942
62206.79231
52203.44918
52486.32682
52772.28833
53061.38142
53353.65934
53649.17653
53947.98405
54250.13872
54555.69868
54864.71863
55177.25929
55493.3828
55813.14783
56136.61932
56463.86379
56794.94422
57129.93019
57468.89296
57811.90022
58159.0266
58510.34855
58865.93893
59225.87786
59590.24749
59959.12632
60332.60049
60710.7584
61093.68471
61481.47223
61874.21612
52204.20943
52488.63241
52776.1716
53066.88001
53360.80726
53658.00866
53958.54078
54262.45677
54569.81571
54880.67804
55195.10076
55513.14701
55834.88148
56160.36532
56489.66616
56822.85327
57159.99236
57501.15593
57846.41826
58195.85003
58549.52908
58907.53516
59269.94442
59636.84048
60008.30913
60384.43247
60765.30053
61151.00564
61541.63651
52204.9765
52490.96327
52780.09916
53072.43799
53368.0348
53666.94127
53969.21486
54274.91437
54584.09518
54896.81871
55213.14784
55533.14197
55856.86685
56184.3898
56515.77462
56851.09176
57190.41339
57533.80812
57881.35152
58233.12106
58589.1906
58949.64134
59314.55654
59684.01583
60058.10655
60436.9183
60820.53705
61209.05689
52205.75491
52493.31978
52784.07169
53078.06087
53375.34323
53675.97597
53980.01291
54287.51378
54598.53973
54913.14847
55231.40391
55553.3715
55879.11319
56208.69743
56542.19435
56879.67054
57221.19943
57566.85624
57916.71264
58270.84748
58629.34157
58992.27214
59359.72397
59731.78399
60108.53553
60490.06989
60876.4807
52206.54042
52495.70242
52788.08548
53083.74527
53382.73406
53685.10999
53990.93251
54300.25768
54613.14766
54929.66605
55249.87303
55573.83512
55901.62048
56233.29375
56568.92625
56908.59106
57252.35772
57600.30279
57952.50475
58309.0385
58669.98631
59035.43257
59405.45806
59780.15135
60159.60327
60543.90108
52207.33315
52498.1116
52792.14576
53089.49215
53390.20862
53694.34964
54001.97563
54313.14845
54627.92654
54946.37455
55268.55873
55594.54183
55924.39315
56258.18369
56595.98092
56937.8592
57283.89474
57634.16019
57988.73542
58347.70234
58711.13927
59079.13214
59451.76909
59829.13468
60211.32147
52208.13769
52500.54774
52796.25326
53095.30718
53397.76827
53703.69666
54013.14912
54326.18851
54642.87921
54963.28215
55287.46467
55615.49574
55947.44086
56283.37226
56623.36393
56967.48636
57315.8171
57668.43565
58025.41797
58386.84744
58752.80958
59123.38635
59498.66755
59878.74528
52208.94975
52503.01135
52800.40426
53101.18697
53405.41461
53713.1483
54024.45062
54339.38073
54658.00409
54980.38769
55306.59514
55636.69657
55970.76386
56308.86541
56651.07651
56997.47434
57348.13257
57703.13213
58062.55601
58426.48366
58795.00217
59168.2009
59546.16566
52209.76944
52505.50287
52804.60411
53107.13256
53413.14907
53722.71111
54035.88226
54352.72767
54673.30904
54997.69454
55325.95398
55658.15372
55994.36689
56334.66842
56679.12978
57027.8295
57380.84813
57738.26271
58100.15773
58466.61988
58837.73231
59213.58605
52210.60146
52508.02276
52808.85359
53113.14976
53420.97311
53732.38691
54047.45111
54366.2319
54688.79713
55015.21118
55345.54509
55679.87161
56018.26007
56360.78672
56707.52972
57058.56379
57413.97091
57773.83517
58138.23717
58507.26521
58881.00986
52211.44143
52510.57154
52813.14895
53119.23519
53428.88844
53742.17305
54059.1549
54379.89653
54704.46689
55032.93666
55365.3731
55701.85022
56042.44393
56387.22665
56736.27796
57089.67945
57447.50925
57809.85299
58176.79853
58548.43024
52212.28949
52513.14969
52817.49567
53125.38997
53436.8966
53752.07625
54070.99593
54393.72427
54720.32652
55050.87458
55385.44211
55724.09936
56066.92358
56413.99393
56765.38615
57121.18332
57481.47067
57846.32994
58215.85063
52213.15041
52515.7577
52821.89462
53131.62007
53444.99914
53762.09851
54082.98151
54407.71792
54736.3793
55069.03378
55405.75633
55746.6238
56091.70962
56441.09438
56794.86076
57153.08799
57515.86287
57883.27444
52214.01976
52518.39615
52826.34201
53137.92212
53453.19792
53772.23721
54095.10947
54421.88078
54752.62394
55087.41352
55426.32073
55769.42378
56116.80289
56468.53484
56824.70381
57185.39616
57550.69482
52214.89767
52521.06553
52830.84346
53144.29732
53461.49456
53782.49933
54107.38226
54436.21579
54769.06895
55106.01765
55447.13972
55792.50959
56142.20891
56496.32145
56854.92756
57218.1152
52215.78903
52523.76638
52835.3999
53150.75183
53469.89075
53792.88699
54119.8075
54450.72595
54785.71788
55124.85544
55468.21785
55815.88635
56167.93881
56524.46053
56885.53901
52216.68933
52526.49931
52840.00753
53157.28227
53478.38847
53803.39765
54132.3831
54465.41481
54802.56961
55143.92633
55489.56043
55839.55463
56193.99378
56552.9594
52217.59871
52529.26485
52844.67213
53163.88995
53486.98947
53814.03854
54145.11173
54480.28551
54819.63303
55163.23451
55511.17224
55863.52519
56220.37978
52218.52215
52532.06358
52849.39467
53170.58121
53495.69557
53824.81196
54158.00127
54495.34132
54836.91194
55182.78963
55533.05819
55887.80359
52219.45507
52534.89616
52854.17136
53177.35269
53504.50888
53835.71543
54171.04977
54510.58602
54854.40545
55202.59141
55555.22398
52220.39764
52537.76316
52859.00813
53184.20581
53513.43131
53846.75647
54184.2601
54526.02303
54872.12282
55222.64436
52221.35492
52540.66519
52863.90604
53191.14709
53522.46479
53857.93754
54197.64045
54541.65585
54890.06817
52222.32228
52543.60296
52868.86126
53198.17321
53531.61161
53869.25627
54211.18904
54557.48855
52223.29989
52546.5771
52873.87991
53205.28569
53540.87382
53880.72045
54224.90894
52224.29292
52549.58826
52878.96313
53212.49127
53550.25351
53892.33275
52225.29665
52552.6372
52884.10709
53219.78667
53559.75313
52226.31128
52555.72461
52889.31808
53227.17352
52227.34209
52558.85117
52894.59733
52228.3843
52562.01771
52229.43809
)
;

boundaryField
{
    inlet
    {
        type            zeroGradient;
    }
    sym
    {
        type            zeroGradient;
    }
    wedge
    {
        type            zeroGradient;
    }
    top
    {
        type            zeroGradient;
    }
    back
    {
        type            empty;
    }
    front
    {
        type            empty;
    }
    outlet
    {
        type            zeroGradient;
    }
}


// ************************************************************************* //
