/*--------------------------------*- C++ -*----------------------------------*\
  =========                 |
  \\      /  F ield         | OpenFOAM: The Open Source CFD Toolbox
   \\    /   O peration     | Website:  https://openfoam.org
    \\  /    A nd           | Version:  9
     \\/     M anipulation  |
\*---------------------------------------------------------------------------*/
FoamFile
{
    format      ascii;
    class       volVectorField;
    location    "0";
    object      vorticity;
}
// * * * * * * * * * * * * * * * * * * * * * * * * * * * * * * * * * * * * * //

dimensions      [0 0 -1 0 0 0 0];

internalField   nonuniform List<vector> 
5625
(
(0 -0 0)
(0 -0 0)
(0 -0 0)
(0 -0 0)
(0 -0 0)
(0 -0 0)
(0 -0 0)
(0 -0 0)
(0 -0 0)
(0 -0 0)
(0 -0 0)
(0 -0 0)
(0 -0 0)
(0 -0 0)
(0 -0 0)
(0 -0 0)
(0 -0 0)
(0 -0 0)
(0 -0 0)
(0 -0 0)
(0 -0 0)
(0 -0 0)
(0 -0 0)
(0 -0 0)
(0 -0 0)
(0 -0 0)
(0 -0 0)
(0 -0 0)
(0 -0 0)
(0 -0 0)
(0 -0 0)
(0 -0 0)
(0 -0 0)
(0 -0 0)
(0 -0 0)
(0 -0 0)
(0 -0 0)
(0 -0 0)
(0 -0 0)
(0 -0 0)
(0 -0 0)
(0 -0 0)
(0 -0 0)
(0 -0 0)
(0 -0 0)
(0 -0 0)
(0 -0 0)
(0 -0 0)
(0 -0 0)
(0 -0 0)
(0 -0 0)
(0 -0 0)
(0 -0 0)
(0 -0 0)
(0 -0 0)
(0 -0 0)
(0 -0 0)
(0 -0 0)
(0 -0 0)
(0 -0 0)
(0 -0 0)
(0 -0 0)
(0 -0 0)
(0 -0 0)
(0 -0 0)
(0 -0 0)
(0 -0 0)
(0 -0 0)
(0 -0 0)
(0 -0 0)
(0 -0 0)
(0 -0 0)
(0 -0 0)
(0 -0 0)
(0 -0 0)
(0 -0 0)
(0 -0 0)
(0 -0 0)
(0 -0 0)
(0 -0 0)
(0 -0 0)
(0 -0 0)
(0 -0 0)
(0 -0 0)
(0 -0 0)
(0 -0 0)
(0 -0 0)
(0 -0 0)
(0 -0 0)
(0 -0 0)
(0 -0 0)
(0 -0 0)
(0 -0 0)
(0 -0 0)
(0 -0 0)
(0 -0 0)
(0 -0 0)
(0 -0 0)
(0 -0 0)
(0 -0 0)
(0 -0 0)
(0 -0 0)
(0 -0 0)
(0 -0 0)
(0 -0 0)
(0 -0 0)
(0 -0 0)
(0 -0 0)
(0 -0 0)
(0 -0 0)
(0 -0 0)
(0 -0 0)
(0 -0 0)
(0 -0 0)
(0 -0 0)
(0 -0 0)
(0 -0 0)
(0 -0 0)
(0 -0 0)
(0 -0 0)
(0 -0 0)
(0 -0 0)
(0 -0 0)
(0 -0 0)
(0 -0 0)
(0 -0 0)
(0 -0 0)
(0 -0 0)
(0 -0 0)
(0 -0 0)
(0 -0 0)
(0 -0 0)
(0 -0 0)
(0 -0 0)
(0 -0 0)
(0 -0 0)
(0 -0 0)
(0 -0 0)
(0 -0 0)
(0 -0 0)
(0 -0 0)
(0 -0 0)
(0 -0 0)
(0 -0 0)
(0 -0 0)
(0 -0 0)
(0 -0 0)
(0 -0 0)
(0 -0 0)
(0 -0 0)
(0 -0 0)
(0 -0 0)
(0 -0 0)
(0 -0 0)
(0 -0 0)
(0 -0 0)
(0 -0 0)
(0 -0 0)
(0 -0 0)
(0 -0 0)
(0 -0 0)
(0 -0 0)
(0 -0 0)
(0 -0 0)
(0 -0 0)
(0 -0 0)
(0 -0 0)
(0 -0 0)
(0 -0 0)
(0 -0 0)
(0 -0 0)
(0 -0 0)
(0 -0 0)
(0 -0 0)
(0 -0 0)
(0 -0 0)
(0 -0 0)
(0 -0 0)
(0 -0 0)
(0 -0 0)
(0 -0 0)
(0 -0 0)
(0 -0 0)
(0 -0 0)
(0 -0 0)
(0 -0 0)
(0 -0 0)
(0 -0 0)
(0 -0 0)
(0 -0 0)
(0 -0 0)
(0 -0 0)
(0 -0 0)
(0 -0 0)
(0 -0 0)
(0 -0 0)
(0 -0 0)
(0 -0 0)
(0 -0 0)
(0 -0 0)
(0 -0 0)
(0 -0 0)
(0 -0 0)
(0 -0 0)
(0 -0 0)
(0 -0 0)
(0 -0 0)
(0 -0 0)
(0 -0 0)
(0 -0 0)
(0 -0 0)
(0 -0 0)
(0 -0 0)
(0 -0 0)
(0 -0 0)
(0 -0 0)
(0 -0 0)
(0 -0 0)
(0 -0 0)
(0 -0 0)
(0 -0 0)
(0 -0 0)
(0 -0 0)
(0 -0 0)
(0 -0 0)
(0 -0 0)
(0 -0 0)
(0 -0 0)
(0 -0 0)
(0 -0 0)
(0 -0 0)
(0 -0 0)
(0 -0 0)
(0 -0 0)
(0 -0 0)
(0 -0 0)
(0 -0 0)
(0 -0 0)
(0 -0 0)
(0 -0 0)
(0 -0 0)
(0 -0 0)
(0 -0 0)
(0 -0 0)
(0 -0 0)
(0 -0 0)
(0 -0 0)
(0 -0 0)
(0 -0 0)
(0 -0 0)
(0 -0 0)
(0 -0 0)
(0 -0 0)
(0 -0 0)
(0 -0 0)
(0 -0 0)
(0 -0 0)
(0 -0 0)
(0 -0 0)
(0 -0 0)
(0 -0 0)
(0 -0 0)
(0 -0 0)
(0 -0 0)
(0 -0 0)
(0 -0 0)
(0 -0 0)
(0 -0 0)
(0 -0 0)
(0 -0 0)
(0 -0 0)
(0 -0 0)
(0 -0 0)
(0 -0 0)
(0 -0 0)
(0 -0 0)
(0 -0 0)
(0 -0 0)
(0 -0 0)
(0 -0 0)
(0 -0 0)
(0 -0 0)
(0 -0 0)
(0 -0 0)
(0 -0 0)
(0 -0 0)
(0 -0 0)
(0 -0 0)
(0 -0 0)
(0 -0 0)
(0 -0 0)
(0 -0 0)
(0 -0 0)
(0 -0 0)
(0 -0 0)
(0 -0 0)
(0 -0 0)
(0 -0 0)
(0 -0 0)
(0 -0 0)
(0 -0 0)
(0 -0 0)
(0 -0 0)
(0 -0 0)
(0 -0 0)
(0 -0 0)
(0 -0 0)
(0 -0 0)
(0 -0 0)
(0 -0 0)
(0 -0 0)
(0 -0 0)
(0 -0 0)
(0 -0 0)
(0 -0 0)
(0 -0 0)
(0 -0 0)
(0 -0 0)
(0 -0 0)
(0 -0 0)
(0 -0 0)
(0 -0 0)
(0 -0 0)
(0 -0 0)
(0 -0 0)
(0 -0 0)
(0 -0 -0)
(0 -0 0)
(0 -0 0)
(0 -0 0)
(0 -0 0)
(0 -0 0)
(0 -0 0)
(0 -0 0)
(0 -0 0)
(0 -0 0)
(0 -0 0)
(0 -0 0)
(0 -0 0)
(0 -0 0)
(0 -0 0)
(0 -0 0)
(0 -0 0)
(0 -0 0)
(0 -0 0)
(0 -0 0)
(0 -0 0)
(0 -0 0)
(0 -0 0)
(0 -0 0)
(0 -0 0)
(0 -0 0)
(0 -1.768259111e-14 0)
(0 -0 -0)
(0 -0 0)
(0 -0 0)
(0 -0 0)
(0 -0 0)
(0 -0 0)
(0 -0 0)
(0 -0 0)
(0 -0 0)
(0 -0 0)
(0 -0 0)
(0 -0 0)
(0 -0 0)
(0 -0 0)
(0 -0 0)
(0 -0 0)
(0 -0 0)
(0 -0 0)
(0 -0 0)
(0 -0 0)
(0 -0 0)
(0 -0 0)
(0 -0 0)
(0 -0 0)
(0 -0 0)
(0 -0 0)
(0 -1.768259111e-14 0)
(0 -0 0)
(-5.739276011e-15 -2.089096468e-15 -0)
(0 -0 0)
(0 -0 0)
(0 -0 0)
(0 -0 0)
(0 -0 0)
(0 -0 0)
(0 -0 0)
(0 -0 0)
(0 -0 0)
(0 -0 0)
(0 -0 0)
(0 -0 0)
(0 -0 0)
(0 -0 0)
(0 -0 0)
(0 -0 0)
(0 -0 0)
(0 -0 0)
(0 -0 0)
(0 -0 0)
(0 -0 0)
(0 -0 0)
(0 -0 0)
(0 -0 0)
(0 -0 0)
(0 1.768259111e-14 0)
(0 -1.776903997e-14 0)
(0 -0 0)
(5.767611965e-15 2.099410755e-15 -0)
(0 -0 0)
(0 -0 0)
(0 -0 0)
(0 -0 0)
(0 -0 0)
(0 -0 0)
(0 -0 0)
(0 -0 0)
(0 -0 0)
(0 -0 0)
(0 -0 0)
(0 -0 0)
(0 -0 0)
(0 -0 0)
(0 -0 0)
(0 -0 0)
(0 -0 0)
(0 -0 0)
(0 -0 0)
(0 -0 0)
(0 -0 0)
(0 -0 0)
(0 -0 0)
(0 -0 0)
(0 -0 0)
(0 -0 0)
(0 1.776903997e-14 0)
(0 -0 0)
(0 1.794449857e-14 0)
(5.796229107e-15 2.109827395e-15 -0)
(0 -0 0)
(0 -0 0)
(0 -0 0)
(0 -0 0)
(0 -0 0)
(0 -0 0)
(0 -0 0)
(0 -0 0)
(0 -0 0)
(0 -0 0)
(0 -0 0)
(0 -0 0)
(0 -0 0)
(0 -0 0)
(0 -0 0)
(0 -0 0)
(0 -0 0)
(0 -0 0)
(0 -0 0)
(0 -0 0)
(0 -0 0)
(0 -0 0)
(0 -0 0)
(0 -0 0)
(0 -0 0)
(0 -1.768259112e-14 0)
(0 -0 0)
(0 -0 0)
(0 -0 0)
(0 -0 0)
(0 -0 -0)
(0 -0 0)
(0 -0 0)
(0 -0 0)
(0 -0 0)
(0 -0 0)
(0 -0 0)
(0 -0 0)
(0 -0 0)
(0 -0 0)
(0 -0 0)
(0 -0 0)
(0 -0 0)
(0 -0 0)
(0 -0 0)
(0 -0 0)
(0 -0 0)
(0 -0 0)
(0 -0 0)
(0 -0 0)
(0 -0 0)
(0 -0 0)
(0 -0 0)
(0 -0 0)
(0 -0 0)
(0 -0 0)
(0 1.768259112e-14 0)
(0 -1.776903997e-14 0)
(0 -0 0)
(0 -0 0)
(0 -1.803353373e-14 0)
(0 -0 0)
(5.854323867e-15 2.130973888e-15 -0)
(0 -0 0)
(0 -0 0)
(0 -0 0)
(0 -0 0)
(0 -0 0)
(0 -0 0)
(0 -0 0)
(0 -0 0)
(0 -0 0)
(0 -0 0)
(0 -0 0)
(0 -0 0)
(0 -0 0)
(0 -0 0)
(0 -0 0)
(0 -0 0)
(0 -0 0)
(0 -0 0)
(0 -0 0)
(0 -0 0)
(0 -0 0)
(0 -0 0)
(0 -0 0)
(0 -0 0)
(0 -0 0)
(0 -1.768259108e-14 0)
(0 -0 0)
(0 -1.785633824e-14 0)
(0 -0 0)
(0 3.606706746e-14 0)
(0 -1.812345683e-14 0)
(0 1.821428121e-14 0)
(5.883810153e-15 2.141706896e-15 -0)
(0 -0 0)
(0 -0 0)
(0 -0 0)
(0 -0 0)
(0 -0 0)
(0 -0 0)
(0 -0 0)
(0 -0 0)
(0 -0 0)
(0 -0 0)
(0 -0 0)
(0 -0 0)
(0 -0 0)
(0 -0 0)
(0 -0 0)
(0 -0 0)
(0 -0 0)
(0 -0 0)
(0 -0 0)
(0 -0 0)
(0 -0 0)
(0 -0 0)
(0 -0 0)
(0 -0 0)
(0 -0 0)
(0 -0 0)
(0 -0 0)
(0 1.785633824e-14 0)
(0 -0 0)
(0 -1.803353373e-14 0)
(0 1.812345681e-14 0)
(0 -1.821428121e-14 0)
(0 -0 0)
(5.913594967e-15 2.152548568e-15 -0)
(0 -0 0)
(0 -0 0)
(0 -0 0)
(0 -0 0)
(0 -0 0)
(0 -0 0)
(0 -0 0)
(0 -0 0)
(0 -0 0)
(0 -0 0)
(0 -0 0)
(0 -0 0)
(0 -0 0)
(0 -0 0)
(0 -0 0)
(0 -0 0)
(0 -0 0)
(0 -0 0)
(0 -0 0)
(0 -0 0)
(0 -0 0)
(0 -0 0)
(0 -0 0)
(0 -0 0)
(0 -0 0)
(0 1.768259112e-14 0)
(0 -0 0)
(0 -1.785633829e-14 0)
(0 -0 0)
(0 -0 0)
(0 -0 0)
(0 -0 0)
(0 -1.83060205e-14 0)
(0 -0 0)
(0 -0 -0)
(0 -0 0)
(0 -0 0)
(0 -0 0)
(0 -0 0)
(0 -0 0)
(0 -0 0)
(0 -0 0)
(0 -0 0)
(0 -0 0)
(0 -0 0)
(0 -0 0)
(0 -0 0)
(0 -0 0)
(0 -0 0)
(0 -0 0)
(0 -0 0)
(0 -0 0)
(0 -0 0)
(0 -0 0)
(0 -0 0)
(0 -0 0)
(0 -0 0)
(0 -0 0)
(0 -0 0)
(0 -0 0)
(0 1.768259108e-14 0)
(0 3.553807993e-14 0)
(0 -0 0)
(0 1.794449854e-14 0)
(0 -0 0)
(0 -1.812345681e-14 0)
(0 -0 0)
(0 1.83060205e-14 0)
(0 -1.839868859e-14 0)
(0 1.849229963e-14 0)
(5.974078504e-15 2.174564575e-15 -0)
(0 -0 0)
(0 -0 0)
(0 -0 0)
(0 -0 0)
(0 -0 0)
(0 -0 0)
(0 -0 0)
(0 -0 0)
(0 -0 0)
(0 -0 0)
(0 -0 0)
(0 -0 0)
(0 -0 0)
(0 -0 0)
(0 -0 0)
(0 -0 0)
(0 -0 0)
(0 -0 0)
(0 -0 0)
(0 -0 0)
(0 -0 0)
(0 -0 0)
(0 -0 0)
(0 -0 0)
(0 -0 0)
(0 -0 0)
(0 -0 0)
(0 -0 0)
(0 -1.794449859e-14 0)
(0 -0 0)
(0 1.812345681e-14 0)
(0 -1.821428123e-14 0)
(0 -0 0)
(0 3.679737714e-14 0)
(0 -0 0)
(0 -0 0)
(6.00478662e-15 2.18574233e-15 -0)
(0 -0 0)
(0 -0 0)
(0 -0 0)
(0 -0 0)
(0 -0 0)
(0 -0 0)
(0 -0 0)
(0 -0 0)
(0 -0 0)
(0 -0 0)
(0 -0 0)
(0 -0 0)
(0 -0 0)
(0 -0 0)
(0 -0 0)
(0 -0 0)
(0 -0 0)
(0 -0 0)
(0 -0 0)
(0 -0 0)
(0 -0 0)
(0 -0 0)
(0 -0 0)
(0 -0 0)
(0 -0 0)
(0 -1.768259112e-14 0)
(0 1.776903997e-14 0)
(0 3.571267658e-14 0)
(0 -0 0)
(0 -1.803353373e-14 0)
(0 -0 0)
(0 -0 0)
(0 -1.83060205e-14 0)
(0 -3.679737724e-14 0)
(0 1.849229967e-14 0)
(0 1.858686816e-14 0)
(0 -0 0)
(0 -0 -0)
(0 -0 0)
(0 -0 0)
(0 -0 0)
(0 -0 0)
(0 -0 0)
(0 -0 0)
(0 -0 0)
(0 -0 0)
(0 -0 0)
(0 -0 0)
(0 -0 0)
(0 -0 0)
(0 -0 0)
(0 -0 0)
(0 -0 0)
(0 -0 0)
(0 -0 0)
(0 -0 0)
(0 -0 0)
(0 -0 0)
(0 -0 0)
(0 -0 0)
(0 -0 0)
(0 -0 0)
(0 -0 0)
(0 -0 0)
(0 -1.776903997e-14 0)
(0 -1.785633824e-14 0)
(0 -0 0)
(0 3.606706746e-14 0)
(0 -0 0)
(0 1.821428118e-14 0)
(0 -0 0)
(0 -0 0)
(0 -3.698459924e-14 0)
(0 -1.858686816e-14 0)
(0 -0 0)
(0 -0 0)
(6.067159771e-15 2.208446157e-15 -0)
(0 -0 0)
(0 -0 0)
(0 -0 0)
(0 -0 0)
(0 -0 0)
(0 -0 0)
(0 -0 0)
(0 -0 0)
(0 -0 0)
(0 -0 0)
(0 -0 0)
(0 -0 0)
(0 -0 0)
(0 -0 0)
(0 -0 0)
(0 -0 0)
(0 -0 0)
(0 -0 0)
(0 -0 0)
(0 -0 0)
(0 -0 0)
(0 -0 0)
(0 -0 0)
(0 -0 0)
(0 -0 0)
(0 -0 0)
(0 -0 0)
(0 -0 0)
(0 -0 0)
(0 -1.803353373e-14 0)
(0 -0 0)
(0 -1.821428123e-14 0)
(0 -1.83060205e-14 0)
(0 1.839868857e-14 0)
(0 1.849229967e-14 0)
(0 -0 0)
(0 1.868240885e-14 0)
(0 1.877893687e-14 0)
(0 -0 0)
(0 -0 -0)
(0 -0 0)
(0 -0 0)
(0 -0 0)
(0 -0 0)
(0 -0 0)
(0 -0 0)
(0 -0 0)
(0 -0 0)
(0 -0 0)
(0 -0 0)
(0 -0 0)
(0 -0 0)
(0 -0 0)
(0 -0 0)
(0 -0 0)
(0 -0 0)
(0 -0 0)
(0 -0 0)
(0 -0 0)
(0 -0 0)
(0 -0 0)
(0 -0 0)
(0 -0 0)
(0 -0 0)
(0 -0 0)
(0 -0 0)
(0 -0 0)
(0 -0 0)
(0 -0 0)
(0 -0 0)
(0 -0 0)
(0 1.821428123e-14 0)
(0 -0 0)
(0 -0 0)
(0 -0 0)
(0 -1.858686816e-14 0)
(0 -1.86824089e-14 0)
(0 -1.877893687e-14 0)
(0 -0 0)
(0 -0 0)
(0 -0 -0)
(0 -0 0)
(0 -0 0)
(0 -0 0)
(0 -0 0)
(0 -0 0)
(0 -0 0)
(0 -0 0)
(0 -0 0)
(0 -0 0)
(0 -0 0)
(0 -0 0)
(0 -0 0)
(0 -0 0)
(0 -0 0)
(0 -0 0)
(0 -0 0)
(0 -0 0)
(0 -0 0)
(0 -0 0)
(0 -0 0)
(0 -0 0)
(0 -0 0)
(0 -0 0)
(0 -0 0)
(0 -0 0)
(0 -0 0)
(0 -0 0)
(0 -0 0)
(0 -8.97224927e-15 0)
(0 -0 0)
(0 -0 0)
(0 -0 0)
(0 -0 0)
(0 -1.839868857e-14 0)
(0 -0 0)
(0 1.858686816e-14 0)
(0 -1.868240885e-14 0)
(0 -0 0)
(0 -3.775293501e-14 0)
(0 -0 0)
(0 -0 0)
(6.16318752e-15 2.243400257e-15 -0)
(0 -0 0)
(0 -0 0)
(0 -0 0)
(0 -0 0)
(0 -0 0)
(0 -0 0)
(0 -0 0)
(0 -0 0)
(0 -0 0)
(0 -0 0)
(0 -0 0)
(0 -0 0)
(0 -0 0)
(0 -0 0)
(0 -0 0)
(0 -0 0)
(0 -0 0)
(0 -0 0)
(0 -0 0)
(0 -0 0)
(0 -0 0)
(0 -0 0)
(0 -0 0)
(0 -0 0)
(0 -0 0)
(0 -0 0)
(0 -0 0)
(0 -0 0)
(0 8.972249293e-15 0)
(0 -0 0)
(0 -0 0)
(0 -0 0)
(0 -0 0)
(0 1.839868857e-14 0)
(0 -0 0)
(0 -0 0)
(0 1.868240885e-14 0)
(0 -1.877893687e-14 0)
(0 -0 0)
(0 1.89750165e-14 0)
(0 -0 0)
(0 -1.91752341e-14 0)
(6.195875846e-15 2.255298808e-15 -0)
(0 -0 0)
(0 -0 0)
(0 -0 0)
(0 -0 0)
(0 -0 0)
(0 -0 0)
(0 -0 0)
(0 -0 0)
(0 -0 0)
(0 -0 0)
(0 -0 0)
(0 -0 0)
(0 -0 0)
(0 -0 0)
(0 -0 0)
(0 -0 0)
(0 -0 0)
(0 -0 0)
(0 -0 0)
(0 -0 0)
(0 -0 0)
(0 -0 0)
(0 -0 0)
(0 -0 0)
(0 -0 0)
(0 -0 0)
(0 -0 0)
(0 -0 0)
(0 -0 0)
(0 -0 0)
(0 -0 0)
(0 -0 0)
(0 -0 0)
(0 -0 0)
(0 -0 0)
(0 -0 0)
(0 -0 0)
(0 -0 0)
(0 -0 0)
(0 -0 0)
(0 1.907459994e-14 0)
(0 -0 0)
(0 -1.92769358e-14 0)
(0 -0 -0)
(0 -0 0)
(0 -0 0)
(0 -0 0)
(0 -0 0)
(0 -0 0)
(0 -0 0)
(0 -0 0)
(0 -0 0)
(0 -0 0)
(0 -0 0)
(0 -0 0)
(0 -0 0)
(0 -0 0)
(0 -0 0)
(0 -0 0)
(0 -0 0)
(0 -0 0)
(0 -0 0)
(0 -0 0)
(0 -0 0)
(0 -0 0)
(0 -0 0)
(0 -0 0)
(0 -0 0)
(0 -0 0)
(0 -0 0)
(0 -0 0)
(0 -0 0)
(0 -0 0)
(0 -0 0)
(0 -0 0)
(0 -0 0)
(0 -0 0)
(0 -0 0)
(0 -0 0)
(0 -0 0)
(0 -0 0)
(0 -0 0)
(0 1.887646751e-14 0)
(0 -0 0)
(0 -3.814919978e-14 0)
(0 -0 0)
(0 1.927693575e-14 0)
(0 -1.937972196e-14 0)
(0 -0 -0)
(0 -0 0)
(0 -0 0)
(0 -0 0)
(0 -0 0)
(0 -0 0)
(0 -0 0)
(0 -0 0)
(0 -0 0)
(0 -0 0)
(0 -0 0)
(0 -0 0)
(0 -0 0)
(0 -0 0)
(0 -0 0)
(0 -0 0)
(0 -0 0)
(0 -0 0)
(0 -0 0)
(0 -0 0)
(0 -0 0)
(0 -0 0)
(0 -0 0)
(0 -0 0)
(0 -0 0)
(0 -0 0)
(0 -0 0)
(0 -0 0)
(0 -0 0)
(0 -0 0)
(0 -9.016766866e-15 0)
(0 -0 0)
(0 -0 0)
(0 -0 0)
(0 -0 0)
(0 1.849229967e-14 0)
(0 -0 0)
(0 -0 0)
(0 -0 0)
(0 -0 0)
(0 1.89750165e-14 0)
(0 1.907459994e-14 0)
(0 -0 0)
(0 -1.927693575e-14 0)
(0 1.937972201e-14 0)
(0 -1.948361023e-14 0)
(6.296054952e-15 2.291764002e-15 -0)
(0 -0 0)
(0 -0 0)
(0 -0 0)
(0 -0 0)
(0 -0 0)
(0 -0 0)
(0 -0 0)
(0 -0 0)
(0 -0 0)
(0 -0 0)
(0 -0 0)
(0 -0 0)
(0 -0 0)
(0 -0 0)
(0 -0 0)
(0 -0 0)
(0 -0 0)
(0 -0 0)
(0 -0 0)
(0 -0 0)
(0 -0 0)
(0 -0 0)
(0 -0 0)
(0 -0 0)
(0 -0 0)
(0 -0 0)
(0 -0 0)
(0 -0 0)
(0 8.972249293e-15 0)
(0 9.016766866e-15 0)
(0 -0 0)
(0 -0 0)
(0 -0 0)
(0 -0 0)
(0 -0 0)
(0 -0 0)
(0 -0 0)
(0 -0 0)
(0 1.887646751e-14 0)
(0 -0 0)
(0 -0 0)
(0 -1.91752341e-14 0)
(0 -0 0)
(0 -0 0)
(0 -0 0)
(0 -1.958861832e-14 0)
(0 -0 -0)
(0 -0 0)
(0 -0 0)
(0 -0 0)
(0 -0 0)
(0 -0 0)
(0 -0 0)
(0 -0 0)
(0 -0 0)
(0 -0 0)
(0 -0 0)
(0 -0 0)
(0 -0 0)
(0 -0 0)
(0 -0 0)
(0 -0 0)
(0 -0 0)
(0 -0 0)
(0 -0 0)
(0 -0 0)
(0 -0 0)
(0 -0 0)
(0 -0 0)
(0 -0 0)
(0 -0 0)
(0 -0 0)
(0 -0 0)
(0 8.884519983e-15 0)
(0 -0 0)
(0 -8.97224927e-15 0)
(0 -0 0)
(0 -0 0)
(0 -0 0)
(0 -0 0)
(0 -0 0)
(0 -0 0)
(0 -0 0)
(0 -0 0)
(0 -0 0)
(0 -0 0)
(0 -0 0)
(0 1.907459989e-14 0)
(0 -0 0)
(0 -1.927693575e-14 0)
(0 -1.937972196e-14 0)
(0 -1.948361023e-14 0)
(0 1.958861827e-14 0)
(0 -0 0)
(0 -0 -0)
(0 -0 0)
(0 -0 0)
(0 -0 0)
(0 -0 0)
(0 -0 0)
(0 -0 0)
(0 -0 0)
(0 -0 0)
(0 -0 0)
(0 -0 0)
(0 -0 0)
(0 -0 0)
(0 -0 0)
(0 -0 0)
(0 -0 0)
(0 -0 0)
(0 -0 0)
(0 -0 0)
(0 -0 0)
(0 -0 0)
(0 -0 0)
(0 -0 0)
(0 -0 0)
(0 -0 0)
(0 -0 0)
(0 -0 0)
(0 -0 0)
(0 -0 0)
(0 -0 0)
(0 -0 0)
(0 -0 0)
(0 -0 0)
(0 -0 0)
(0 -0 0)
(0 9.246149834e-15 0)
(0 -0 0)
(0 -0 0)
(0 -0 0)
(0 -0 0)
(0 -0 0)
(0 -0 0)
(0 -0 0)
(0 1.927693575e-14 0)
(0 -0 0)
(0 1.948361023e-14 0)
(0 -1.958861827e-14 0)
(0 -0 0)
(0 -0 0)
(6.399526824e-15 2.329427764e-15 -0)
(0 -0 0)
(0 -0 0)
(0 -0 0)
(0 -0 0)
(0 -0 0)
(0 -0 0)
(0 -0 0)
(0 -0 0)
(0 -0 0)
(0 -0 0)
(0 -0 0)
(0 -0 0)
(0 -0 0)
(0 -0 0)
(0 -0 0)
(0 -0 0)
(0 -0 0)
(0 -0 0)
(0 -0 0)
(0 -0 0)
(0 -0 0)
(0 -0 0)
(0 -0 0)
(0 -0 0)
(0 -0 0)
(0 -0 0)
(0 -0 0)
(0 -0 0)
(0 -0 0)
(0 -0 0)
(0 -0 0)
(0 -0 0)
(0 -0 0)
(0 -0 0)
(0 -0 0)
(0 -0 0)
(0 -0 0)
(0 -0 0)
(0 -0 0)
(0 -0 0)
(0 -0 0)
(0 -0 0)
(0 1.92769358e-14 0)
(0 -0 0)
(0 -1.948361023e-14 0)
(0 -1.958861832e-14 0)
(0 1.969476439e-14 0)
(0 -0 0)
(0 -1.991054547e-14 0)
(0 -0 -0)
(0 -0 0)
(0 -0 0)
(0 -0 0)
(0 -0 0)
(0 -0 0)
(0 -0 0)
(0 -0 0)
(0 -0 0)
(0 -0 0)
(0 -0 0)
(0 -0 0)
(0 -0 0)
(0 -0 0)
(0 -0 0)
(0 -0 0)
(0 -0 0)
(0 -0 0)
(0 -0 0)
(0 -0 0)
(0 -0 0)
(0 -0 0)
(0 -0 0)
(0 -0 0)
(0 -0 0)
(0 -0 0)
(0 -0 0)
(0 -0 0)
(0 -0 0)
(0 -0 0)
(0 -0 0)
(0 -0 0)
(0 -0 0)
(0 -0 0)
(0 -0 0)
(0 -0 0)
(0 -0 0)
(0 -0 0)
(0 -0 0)
(0 -0 0)
(0 -0 0)
(0 -1.907459989e-14 0)
(0 -0 0)
(0 -1.927693575e-14 0)
(0 -0 0)
(0 1.948361023e-14 0)
(0 1.958861827e-14 0)
(0 -3.938952866e-14 0)
(0 -0 0)
(0 1.991054541e-14 0)
(0 -0 0)
(0 -0 -0)
(0 -0 0)
(0 -0 0)
(0 -0 0)
(0 -0 0)
(0 -0 0)
(0 -0 0)
(0 -0 0)
(0 -0 0)
(0 -0 0)
(0 -0 0)
(0 -0 0)
(0 -0 0)
(0 -0 0)
(0 -0 0)
(0 -0 0)
(0 -0 0)
(0 -0 0)
(0 -0 0)
(0 -0 0)
(0 -0 0)
(0 -0 0)
(0 -0 0)
(0 -0 0)
(0 -0 0)
(0 -0 0)
(0 -0 0)
(0 -0 0)
(0 -0 0)
(0 8.972249293e-15 0)
(0 -0 0)
(0 -0 0)
(0 -0 0)
(0 -0 0)
(0 -0 0)
(0 -0 0)
(0 -0 0)
(0 -0 0)
(0 -0 0)
(0 -0 0)
(0 -0 0)
(0 1.907459994e-14 0)
(0 -0 0)
(0 -0 0)
(0 -0 0)
(0 -0 0)
(0 -0 0)
(0 3.938952877e-14 0)
(0 1.980206708e-14 0)
(0 -0 0)
(0 -0 0)
(0 -0 0)
(0 -0 -0)
(0 -0 0)
(0 -0 0)
(0 -0 0)
(0 -0 0)
(0 -0 0)
(0 -0 0)
(0 -0 0)
(0 -0 0)
(0 -0 0)
(0 -0 0)
(0 -0 0)
(0 -0 0)
(0 -0 0)
(0 -0 0)
(0 -0 0)
(0 -0 0)
(0 -0 0)
(0 -0 0)
(0 -0 0)
(0 -0 0)
(0 -0 0)
(0 -0 0)
(0 -0 0)
(0 -0 0)
(0 -0 0)
(0 -0 0)
(0 -0 0)
(0 -0 0)
(0 -0 0)
(0 -0 0)
(0 -0 0)
(0 -0 0)
(0 -0 0)
(0 -0 0)
(0 9.246149834e-15 0)
(0 -0 0)
(0 9.341204451e-15 0)
(0 -0 0)
(0 -0 0)
(0 -0 0)
(0 -0 0)
(0 -0 0)
(0 -0 0)
(0 -0 0)
(0 -0 0)
(0 -0 0)
(0 -1.969476439e-14 0)
(0 -1.980206708e-14 0)
(0 -1.991054547e-14 0)
(0 -0 0)
(0 2.013110718e-14 0)
(0 -0 0)
(6.542898294e-15 2.381614979e-15 -0)
(0 -0 0)
(0 -0 0)
(0 -0 0)
(0 -0 0)
(0 -0 0)
(0 -0 0)
(0 -0 0)
(0 -0 0)
(0 -0 0)
(0 -0 0)
(0 -0 0)
(0 -0 0)
(0 -0 0)
(0 -0 0)
(0 -0 0)
(0 -0 0)
(0 -0 0)
(0 -0 0)
(0 -0 0)
(0 -0 0)
(0 -0 0)
(0 -0 0)
(0 -0 0)
(0 -0 0)
(0 -0 0)
(0 -0 0)
(0 -0 0)
(0 -0 0)
(0 -0 0)
(0 -0 0)
(0 -0 0)
(0 -0 0)
(0 -0 0)
(0 -0 0)
(0 -0 0)
(0 -0 0)
(0 -9.341204426e-15 0)
(0 -0 0)
(0 -0 0)
(0 -0 0)
(0 -9.537299946e-15 0)
(0 -0 0)
(0 -0 0)
(0 -0 0)
(0 -0 0)
(0 -0 0)
(0 1.969476433e-14 0)
(0 -0 0)
(0 -0 0)
(0 -0 0)
(0 -0 0)
(0 2.024323072e-14 0)
(0 -2.035661023e-14 0)
(0 -0 -0)
(0 -0 0)
(0 -0 0)
(0 -0 0)
(0 -0 0)
(0 -0 0)
(0 -0 0)
(0 -0 0)
(0 -0 0)
(0 -0 0)
(0 -0 0)
(0 -0 0)
(0 -0 0)
(0 -0 0)
(0 -0 0)
(0 -0 0)
(0 -0 0)
(0 -0 0)
(0 -0 0)
(0 -0 0)
(0 -0 0)
(0 -0 0)
(0 -0 0)
(0 -0 0)
(0 -0 0)
(0 -0 0)
(0 -8.841295562e-15 0)
(0 -0 0)
(0 -0 0)
(0 8.972249293e-15 0)
(0 -0 0)
(0 -0 0)
(0 -0 0)
(0 -0 0)
(0 -0 0)
(0 -0 0)
(0 -0 0)
(0 -0 0)
(0 -0 0)
(0 -9.438233753e-15 0)
(0 -0 0)
(0 -0 0)
(0 -0 0)
(0 -0 0)
(0 -0 0)
(0 -0 0)
(0 -0 0)
(0 -0 0)
(0 -0 0)
(0 -0 0)
(0 -0 0)
(0 -0 0)
(0 -2.024323072e-14 0)
(0 2.035661029e-14 0)
(0 -0 0)
(0 -0 -0)
(0 -0 0)
(0 -0 0)
(0 -0 0)
(0 -0 0)
(0 -0 0)
(0 -0 0)
(0 -0 0)
(0 -0 0)
(0 -0 0)
(0 -0 0)
(0 -0 0)
(0 -0 0)
(0 -0 0)
(0 -0 0)
(0 -0 0)
(0 -0 0)
(0 -0 0)
(0 -0 0)
(0 -0 0)
(0 -0 0)
(0 -0 0)
(0 -0 0)
(0 -0 0)
(0 -0 0)
(0 -0 0)
(0 -0 0)
(0 8.884519983e-15 0)
(0 -0 0)
(0 -8.972249293e-15 0)
(0 -0 0)
(0 -0 0)
(0 -0 0)
(0 -0 0)
(0 -0 0)
(0 -0 0)
(0 -0 0)
(0 -0 0)
(0 -0 0)
(0 9.438233753e-15 0)
(0 -0 0)
(0 -0 0)
(0 -0 0)
(0 -0 0)
(0 -0 0)
(0 -0 0)
(0 -0 0)
(0 -0 0)
(0 -0 0)
(0 -0 0)
(0 -0 0)
(0 -0 0)
(0 -0 0)
(0 -0 0)
(0 -0 0)
(0 -0 0)
(6.654714704e-15 2.422316152e-15 -0)
(0 -0 0)
(0 -0 0)
(0 -0 0)
(0 -0 0)
(0 -0 0)
(0 -0 0)
(0 -0 0)
(0 -0 0)
(0 -0 0)
(0 -0 0)
(0 -0 0)
(0 -0 0)
(0 -0 0)
(0 -0 0)
(0 -0 0)
(0 -0 0)
(0 -0 0)
(0 -0 0)
(0 -0 0)
(0 -0 0)
(0 -0 0)
(0 -0 0)
(0 -0 0)
(0 -0 0)
(0 -0 0)
(0 -0 0)
(0 -0 0)
(0 -8.928169122e-15 0)
(0 8.97224927e-15 0)
(0 -9.016766866e-15 0)
(0 -0 0)
(0 -0 0)
(0 -0 0)
(0 9.199344286e-15 0)
(0 -0 0)
(0 -0 0)
(0 -0 0)
(0 -0 0)
(0 -0 0)
(0 -0 0)
(0 -0 0)
(0 9.587617051e-15 0)
(0 -0 0)
(0 -0 0)
(0 -0 0)
(0 -0 0)
(0 -1.969476433e-14 0)
(0 -0 0)
(0 -0 0)
(0 -0 0)
(0 -0 0)
(0 -0 0)
(0 -0 0)
(0 -0 0)
(0 -2.058722263e-14 0)
(0 -2.070449934e-14 0)
(0 -0 -0)
(0 -0 0)
(0 -0 0)
(0 -0 0)
(0 -0 0)
(0 -0 0)
(0 -0 0)
(0 -0 0)
(0 -0 0)
(0 -0 0)
(0 -0 0)
(0 -0 0)
(0 -0 0)
(0 -0 0)
(0 -0 0)
(0 -0 0)
(0 -0 0)
(0 -0 0)
(0 -0 0)
(0 -0 0)
(0 -0 0)
(0 -0 0)
(0 -0 0)
(0 -0 0)
(0 -0 0)
(0 -0 0)
(0 -0 0)
(0 -0 0)
(0 -0 0)
(0 -8.972249293e-15 0)
(0 -0 0)
(0 -0 0)
(0 -0 0)
(0 -0 0)
(0 -9.199344286e-15 0)
(0 9.246149834e-15 0)
(0 -0 0)
(0 -0 0)
(0 -0 0)
(0 -0 0)
(0 -0 0)
(0 -0 0)
(0 -1.91752341e-14 0)
(0 -0 0)
(0 -0 0)
(0 -0 0)
(0 -0 0)
(0 1.969476439e-14 0)
(0 -0 0)
(0 -0 0)
(0 -0 0)
(0 -0 0)
(0 -0 0)
(0 -0 0)
(0 -0 0)
(0 -0 0)
(0 -0 0)
(0 -2.082311993e-14 0)
(0 -0 -0)
(0 -0 0)
(0 -0 0)
(0 -0 0)
(0 -0 0)
(0 -0 0)
(0 -0 0)
(0 -0 0)
(0 -0 0)
(0 -0 0)
(0 -0 0)
(0 -0 0)
(0 -0 0)
(0 -0 0)
(0 -0 0)
(0 -0 0)
(0 -0 0)
(0 -0 0)
(0 -0 0)
(0 -0 0)
(0 -0 0)
(0 -0 0)
(0 -0 0)
(0 -0 0)
(0 -0 0)
(0 -0 0)
(0 -0 0)
(0 -0 0)
(0 -0 0)
(0 -0 0)
(0 9.016766866e-15 0)
(0 -0 0)
(0 -0 0)
(0 -0 0)
(0 -0 0)
(0 -9.246149834e-15 0)
(0 -0 0)
(0 -0 0)
(0 -0 0)
(0 -0 0)
(0 -0 0)
(0 9.537299971e-15 0)
(0 9.587617051e-15 0)
(0 -0 0)
(0 -0 0)
(0 -0 0)
(0 -0 0)
(0 -0 0)
(0 -0 0)
(0 -0 0)
(0 -0 0)
(0 -0 0)
(0 -0 0)
(0 -0 0)
(0 -0 0)
(0 -0 0)
(0 -0 0)
(0 -0 0)
(0 -2.094310756e-14 0)
(6.770419389e-15 2.464432658e-15 -0)
(0 -0 0)
(0 -0 0)
(0 -0 0)
(0 -0 0)
(0 -0 0)
(0 -0 0)
(0 -0 0)
(0 -0 0)
(0 -0 0)
(0 -0 0)
(0 -0 0)
(0 -0 0)
(0 -0 0)
(0 -0 0)
(0 -0 0)
(0 -0 0)
(0 -0 0)
(0 -0 0)
(0 -0 0)
(0 -0 0)
(0 -0 0)
(0 -0 0)
(0 -0 0)
(0 -0 0)
(0 -0 0)
(0 -0 0)
(0 -0 0)
(0 -0 0)
(0 -0 0)
(0 -0 0)
(0 -0 0)
(0 9.107140591e-15 0)
(0 -9.153010251e-15 0)
(0 -0 0)
(0 -0 0)
(0 -0 0)
(0 -0 0)
(0 -0 0)
(0 -0 0)
(0 -0 0)
(0 -9.537299946e-15 0)
(0 -0 0)
(0 -0 0)
(0 9.689860979e-15 0)
(0 9.741805114e-15 0)
(0 -0 0)
(0 -0 0)
(0 -0 0)
(0 -0 0)
(0 -0 0)
(0 -0 0)
(0 -0 0)
(0 -0 0)
(0 -0 0)
(0 -0 0)
(0 -0 0)
(0 -0 0)
(0 -0 0)
(0 -0 0)
(6.809886931e-15 2.478798843e-15 -0)
(0 -0 0)
(0 -0 0)
(0 -0 0)
(0 -0 0)
(0 -0 0)
(0 -0 0)
(0 -0 0)
(0 -0 0)
(0 -0 0)
(0 -0 0)
(0 -0 0)
(0 -0 0)
(0 -0 0)
(0 -0 0)
(0 -0 0)
(0 -0 0)
(0 -0 0)
(0 -0 0)
(0 -0 0)
(0 -0 0)
(0 -0 0)
(0 -0 0)
(0 -0 0)
(0 -0 0)
(0 -0 0)
(0 -0 0)
(0 -0 0)
(0 -0 0)
(0 -8.972249293e-15 0)
(0 -0 0)
(0 -0 0)
(0 -9.107140614e-15 0)
(0 -0 0)
(0 -0 0)
(0 -0 0)
(0 -0 0)
(0 -0 0)
(0 -0 0)
(0 -0 0)
(0 -0 0)
(0 -0 0)
(0 -0 0)
(0 -0 0)
(0 -9.689861006e-15 0)
(0 -1.948361023e-14 0)
(0 -0 0)
(0 9.847382193e-15 0)
(0 -0 0)
(0 -0 0)
(0 -0 0)
(0 -0 0)
(0 -0 0)
(0 -0 0)
(0 -0 0)
(0 -0 0)
(0 -0 0)
(0 -2.082311993e-14 0)
(0 -0 0)
(0 -0 0)
(0 -0 0)
(0 -0 -0)
(0 -0 0)
(0 -0 0)
(0 -0 0)
(0 -0 0)
(0 -0 0)
(0 -0 0)
(0 -0 0)
(0 -0 0)
(0 -0 0)
(0 -0 0)
(0 -0 0)
(0 -0 0)
(0 -0 0)
(0 -0 0)
(0 -0 0)
(0 -0 0)
(0 -0 0)
(0 -0 0)
(0 -0 0)
(0 -0 0)
(0 -0 0)
(0 -0 0)
(0 -0 0)
(0 -0 0)
(0 -0 0)
(0 -0 0)
(0 8.884519983e-15 0)
(0 -8.928169145e-15 0)
(0 -0 0)
(0 -0 0)
(0 -0 0)
(0 -0 0)
(0 -0 0)
(0 9.19934431e-15 0)
(0 -0 0)
(0 -0 0)
(0 -0 0)
(0 -0 0)
(0 9.438233753e-15 0)
(0 -0 0)
(0 -0 0)
(0 -0 0)
(0 -0 0)
(0 -0 0)
(0 9.741805114e-15 0)
(0 -0 0)
(0 -0 0)
(0 -0 0)
(0 -0 0)
(0 -0 0)
(0 -0 0)
(0 -0 0)
(0 -0 0)
(0 -0 0)
(0 2.058722269e-14 0)
(0 -0 0)
(0 -0 0)
(0 -0 0)
(0 -0 0)
(0 -0 0)
(0 -0 0)
(0 -0 -0)
(0 -0 0)
(0 -0 0)
(0 -0 0)
(0 -0 0)
(0 -0 0)
(0 -0 0)
(0 -0 0)
(0 -0 0)
(0 -0 0)
(0 -0 0)
(0 -0 0)
(0 -0 0)
(0 -0 0)
(0 -0 0)
(0 -0 0)
(0 -0 0)
(0 -0 0)
(0 -0 0)
(0 -0 0)
(0 -0 0)
(0 -0 0)
(0 -0 0)
(0 -0 0)
(0 -0 0)
(0 -0 0)
(0 -0 0)
(0 -8.884519983e-15 0)
(0 -0 0)
(0 -0 0)
(0 -0 0)
(0 -0 0)
(0 -0 0)
(0 -0 0)
(0 -9.199344286e-15 0)
(0 -0 0)
(0 -0 0)
(0 -0 0)
(0 -0 0)
(0 -9.438233753e-15 0)
(0 -0 0)
(0 -0 0)
(0 -0 0)
(0 -0 0)
(0 -0 0)
(0 -0 0)
(0 -0 0)
(0 -0 0)
(0 9.90103354e-15 0)
(0 -0 0)
(0 -0 0)
(0 -0 0)
(0 -0 0)
(0 -0 0)
(0 -0 0)
(0 -0 0)
(0 -0 0)
(0 -0 0)
(0 -0 0)
(0 -0 0)
(0 -0 0)
(0 -0 0)
(0 -0 0)
(0 -0 -0)
(0 -0 0)
(0 -0 0)
(0 -0 0)
(0 -0 0)
(0 -0 0)
(0 -0 0)
(0 -0 0)
(0 -0 0)
(0 -0 0)
(0 -0 0)
(0 -0 0)
(0 -0 0)
(0 -0 0)
(0 -0 0)
(0 -0 0)
(0 -0 0)
(0 -0 0)
(0 -0 0)
(0 -0 0)
(0 -0 0)
(0 -0 0)
(0 -0 0)
(0 -0 0)
(0 -0 0)
(0 -0 0)
(0 -0 0)
(0 -0 0)
(0 -0 0)
(0 -0 0)
(0 -0 0)
(0 -0 0)
(0 -0 0)
(0 -0 0)
(0 -0 0)
(0 -9.246149834e-15 0)
(0 -0 0)
(0 -0 0)
(0 -0 0)
(0 -0 0)
(0 -0 0)
(0 9.537299971e-15 0)
(0 -0 0)
(0 -0 0)
(0 -0 0)
(0 -0 0)
(0 -0 0)
(0 -0 0)
(0 -1.980206708e-14 0)
(0 -0 0)
(0 -0 0)
(0 -0 0)
(0 -0 0)
(0 -0 0)
(0 -0 0)
(0 -0 0)
(0 -0 0)
(0 2.082311993e-14 0)
(0 -0 0)
(0 -0 0)
(0 -0 0)
(0 -0 0)
(0 -0 0)
(0 -0 0)
(0 -0 -0)
(0 -0 0)
(0 -0 0)
(0 -0 0)
(0 -0 0)
(0 -0 0)
(0 -0 0)
(0 -0 0)
(0 -0 0)
(0 -0 0)
(0 -0 0)
(0 -0 0)
(0 -0 0)
(0 -0 0)
(0 -0 0)
(0 -0 0)
(0 -0 0)
(0 -0 0)
(0 -0 0)
(0 -0 0)
(0 -0 0)
(0 -0 0)
(0 -0 0)
(0 -0 0)
(0 -0 0)
(0 -0 0)
(0 -0 0)
(0 -0 0)
(0 -0 0)
(0 -8.972249293e-15 0)
(0 -0 0)
(0 -0 0)
(0 -0 0)
(0 -0 0)
(0 -0 0)
(0 -0 0)
(0 9.293434078e-15 0)
(0 -0 0)
(0 -0 0)
(0 -0 0)
(0 -0 0)
(0 -1.907459994e-14 0)
(0 -0 0)
(0 -0 0)
(0 -0 0)
(0 -0 0)
(0 -0 0)
(0 9.847382193e-15 0)
(0 9.90103354e-15 0)
(0 9.955272734e-15 0)
(0 -0 0)
(0 -0 0)
(0 -0 0)
(0 -0 0)
(0 -0 0)
(0 -0 0)
(0 -0 0)
(0 -0 0)
(0 -0 0)
(0 -0 0)
(0 -0 0)
(0 -0 0)
(0 -0 0)
(0 -0 0)
(0 -0 0)
(0 -0 -0)
(0 -0 0)
(0 -0 0)
(0 -0 0)
(0 -0 0)
(0 -0 0)
(0 -0 0)
(0 -0 0)
(0 -0 0)
(0 -0 0)
(0 -0 0)
(0 -0 0)
(0 -0 0)
(0 -0 0)
(0 -0 0)
(0 -0 0)
(0 -0 0)
(0 -0 0)
(0 -0 0)
(0 -0 0)
(0 -0 0)
(0 -0 0)
(0 -0 0)
(0 -0 0)
(0 -0 0)
(0 -0 0)
(0 8.84129554e-15 0)
(0 -0 0)
(0 -0 0)
(0 -0 0)
(0 -0 0)
(0 -0 0)
(0 -9.107140591e-15 0)
(0 -0 0)
(0 -0 0)
(0 -0 0)
(0 -0 0)
(0 -9.341204426e-15 0)
(0 -0 0)
(0 -9.438233753e-15 0)
(0 -0 0)
(0 9.537299946e-15 0)
(0 -0 0)
(0 -0 0)
(0 -0 0)
(0 -0 0)
(0 -0 0)
(0 -1.969476433e-14 0)
(0 -0 0)
(0 -9.955272706e-15 0)
(0 -0 0)
(0 -0 0)
(0 -0 0)
(0 -0 0)
(0 -0 0)
(0 -0 0)
(0 -0 0)
(0 -2.082311993e-14 0)
(0 -0 0)
(0 2.106448586e-14 0)
(0 -0 0)
(0 -0 0)
(0 -0 0)
(0 -0 0)
(0 -0 0)
(0 -0 0)
(0 -0 -0)
(0 -0 0)
(0 -0 0)
(0 -0 0)
(0 -0 0)
(0 -0 0)
(0 -0 0)
(0 -0 0)
(0 -0 0)
(0 -0 0)
(0 -0 0)
(0 -0 0)
(0 -0 0)
(0 -0 0)
(0 -0 0)
(0 -0 0)
(0 -0 0)
(0 -0 0)
(0 -0 0)
(0 -0 0)
(0 -0 0)
(0 -0 0)
(0 -0 0)
(0 -0 0)
(0 -0 0)
(0 -0 0)
(0 -8.841295562e-15 0)
(0 -0 0)
(0 -0 0)
(0 -8.972249293e-15 0)
(0 -0 0)
(0 -9.061728407e-15 0)
(0 -0 0)
(0 -0 0)
(0 -0 0)
(0 -0 0)
(0 -0 0)
(0 -0 0)
(0 -0 0)
(0 -0 0)
(0 -0 0)
(0 -0 0)
(0 -0 0)
(0 -0 0)
(0 -0 0)
(0 -0 0)
(0 -0 0)
(0 9.847382193e-15 0)
(0 -0 0)
(0 -0 0)
(0 -0 0)
(0 -0 0)
(0 -0 0)
(0 -0 0)
(0 -0 0)
(0 -0 0)
(0 -0 0)
(0 -0 0)
(0 -0 0)
(0 -0 0)
(0 -0 0)
(0 -0 0)
(0 -0 0)
(0 -0 0)
(0 -0 0)
(0 -0 0)
(0 -0 0)
(0 -0 -0)
(0 -0 0)
(0 -0 0)
(0 -0 0)
(0 -0 0)
(0 -0 0)
(0 -0 0)
(0 -0 0)
(0 -0 0)
(0 -0 0)
(0 -0 0)
(0 -0 0)
(0 -0 0)
(0 -0 0)
(0 -0 0)
(0 -0 0)
(0 -0 0)
(0 -0 0)
(0 -0 0)
(0 -0 0)
(0 -0 0)
(0 -0 0)
(0 -0 0)
(0 -0 0)
(0 -0 0)
(0 -0 0)
(0 -0 0)
(0 1.776903997e-14 0)
(0 -0 0)
(0 -0 0)
(0 -0 0)
(0 -0 0)
(0 -0 0)
(0 9.153010251e-15 0)
(0 -0 0)
(0 -0 0)
(0 -0 0)
(0 -0 0)
(0 -0 0)
(0 9.438233753e-15 0)
(0 -0 0)
(0 -0 0)
(0 -0 0)
(0 -0 0)
(0 -0 0)
(0 -0 0)
(0 -0 0)
(0 -0 0)
(0 -0 0)
(0 -0 0)
(0 -0 0)
(0 1.006555359e-14 0)
(0 -0 0)
(0 -0 0)
(0 -0 0)
(0 -0 0)
(0 -0 0)
(0 2.082311993e-14 0)
(0 -0 0)
(0 -0 0)
(0 -0 0)
(0 -0 0)
(0 -0 0)
(0 -0 0)
(0 -0 0)
(0 -0 0)
(0 -0 0)
(0 -0 0)
(0 -0 -0)
(0 -0 0)
(0 -0 0)
(0 -0 0)
(0 -0 0)
(0 -0 0)
(0 -0 0)
(0 -0 0)
(0 -0 0)
(0 -0 0)
(0 -0 0)
(0 -0 0)
(0 -0 0)
(0 -0 0)
(0 -0 0)
(0 -0 0)
(0 -0 0)
(0 -0 0)
(0 -0 0)
(0 -0 0)
(0 -0 0)
(0 -0 0)
(0 -0 0)
(0 -0 0)
(0 -0 0)
(0 -0 0)
(0 -0 0)
(0 -0 0)
(0 -0 0)
(0 8.97224927e-15 0)
(0 -0 0)
(0 -0 0)
(0 -0 0)
(0 -9.153010251e-15 0)
(0 -0 0)
(0 -0 0)
(0 -0 0)
(0 -0 0)
(0 -0 0)
(0 -0 0)
(0 -9.48750825e-15 0)
(0 9.537299946e-15 0)
(0 -9.587617051e-15 0)
(0 -0 0)
(0 -0 0)
(0 -0 0)
(0 -0 0)
(0 -0 0)
(0 -0 0)
(0 -0 0)
(0 -0 0)
(0 -0 0)
(0 -0 0)
(0 -0 0)
(0 -0 0)
(0 -0 0)
(0 -0 0)
(0 -3.12346799e-14 0)
(0 -0 0)
(0 -0 0)
(0 -0 0)
(0 -0 0)
(0 -0 0)
(0 -0 0)
(0 -0 0)
(0 -0 0)
(0 -0 0)
(0 -0 0)
(0 -0 0)
(0 -0 -0)
(0 -0 0)
(0 -0 0)
(0 -0 0)
(0 -0 0)
(0 -0 0)
(0 -0 0)
(0 -0 0)
(0 -0 0)
(0 -0 0)
(0 -0 0)
(0 -0 0)
(0 -0 0)
(0 -0 0)
(0 -0 0)
(0 -0 0)
(0 -0 0)
(0 -0 0)
(0 -0 0)
(0 -0 0)
(0 -0 0)
(0 -0 0)
(0 -0 0)
(0 -0 0)
(0 -0 0)
(0 -0 0)
(0 -0 0)
(0 -0 0)
(0 -0 0)
(0 -8.972249293e-15 0)
(0 -9.016766866e-15 0)
(0 -0 0)
(0 -0 0)
(0 -0 0)
(0 -0 0)
(0 9.246149834e-15 0)
(0 -0 0)
(0 -0 0)
(0 -0 0)
(0 -0 0)
(0 -0 0)
(0 -9.537299971e-15 0)
(0 -0 0)
(0 -0 0)
(0 -0 0)
(0 -0 0)
(0 -0 0)
(0 9.847382193e-15 0)
(0 -0 0)
(0 -0 0)
(0 -0 0)
(0 -0 0)
(0 -0 0)
(0 -0 0)
(0 -2.047126701e-14 0)
(0 -0 0)
(0 -0 0)
(0 -0 0)
(0 -0 0)
(0 -0 0)
(0 -0 0)
(0 -0 0)
(0 -0 0)
(0 -0 0)
(0 -0 0)
(0 -0 0)
(0 -0 0)
(0 -0 0)
(0 -0 0)
(0 -0 0)
(0 -0 -0)
(0 -0 0)
(0 -0 0)
(0 -0 0)
(0 -0 0)
(0 -0 0)
(0 -0 0)
(0 -0 0)
(0 -0 0)
(0 -0 0)
(0 -0 0)
(0 -0 0)
(0 -0 0)
(0 -0 0)
(0 -0 0)
(0 -0 0)
(0 -0 0)
(0 -0 0)
(0 -0 0)
(0 -0 0)
(0 -0 0)
(0 -0 0)
(0 -0 0)
(0 -0 0)
(0 -0 0)
(0 -0 0)
(0 -0 0)
(0 -0 0)
(0 -0 0)
(0 8.972249293e-15 0)
(0 -0 0)
(0 9.06172843e-15 0)
(0 -0 0)
(0 -0 0)
(0 -0 0)
(0 -9.246149834e-15 0)
(0 -0 0)
(0 -0 0)
(0 -0 0)
(0 -0 0)
(0 -0 0)
(0 -0 0)
(0 -0 0)
(0 9.638467901e-15 0)
(0 -0 0)
(0 -0 0)
(0 -0 0)
(0 -1.969476439e-14 0)
(0 -0 0)
(0 -0 0)
(0 -0 0)
(0 -0 0)
(0 -0 0)
(0 -0 0)
(0 -0 0)
(0 1.029361134e-14 0)
(0 -0 0)
(0 -0 0)
(0 -0 0)
(0 -0 0)
(0 -0 0)
(0 -0 0)
(0 -0 0)
(0 -0 0)
(0 2.169311161e-14 0)
(0 -0 0)
(0 -0 0)
(0 -0 0)
(0 -0 0)
(0 -0 0)
(0 -0 0)
(7.276480375e-15 2.648638857e-15 -0)
(0 -0 0)
(0 -0 0)
(0 -0 0)
(0 -0 0)
(0 -0 0)
(0 -0 0)
(0 -0 0)
(0 -0 0)
(0 -0 0)
(0 -0 0)
(0 -0 0)
(0 -0 0)
(0 -0 0)
(0 -0 0)
(0 -0 0)
(0 -0 0)
(0 -0 0)
(0 -0 0)
(0 -0 0)
(0 -0 0)
(0 -0 0)
(0 -0 0)
(0 -0 0)
(0 -0 0)
(0 -0 0)
(0 -0 0)
(0 -0 0)
(0 -4.464084561e-15 0)
(0 -4.486124635e-15 0)
(0 -0 0)
(0 -9.061728407e-15 0)
(0 -0 0)
(0 -0 0)
(0 -0 0)
(0 -0 0)
(0 -0 0)
(0 -0 0)
(0 -9.389468412e-15 0)
(0 -0 0)
(0 -0 0)
(0 -0 0)
(0 -0 0)
(0 -9.638467874e-15 0)
(0 -0 0)
(0 -9.741805114e-15 0)
(0 -0 0)
(0 9.847382166e-15 0)
(0 -0 0)
(0 -0 0)
(0 -0 0)
(0 -0 0)
(0 -0 0)
(0 -0 0)
(0 -0 0)
(0 -1.029361131e-14 0)
(0 1.035224967e-14 0)
(0 -0 0)
(0 -0 0)
(0 -0 0)
(0 -0 0)
(0 -0 0)
(0 -0 0)
(0 -0 0)
(0 -2.169311154e-14 0)
(0 -0 0)
(0 -0 0)
(0 -0 0)
(0 -0 0)
(0 -0 0)
(0 2.249882828e-14 0)
(0 -0 0)
(0 -0 -0)
(0 -0 0)
(0 -0 0)
(0 -0 0)
(0 -0 0)
(0 -0 0)
(0 -0 0)
(0 -0 0)
(0 -0 0)
(0 -0 0)
(0 -0 0)
(0 -0 0)
(0 -0 0)
(0 -0 0)
(0 -0 0)
(0 -0 0)
(0 -0 0)
(0 -0 0)
(0 -0 0)
(0 -0 0)
(0 -0 0)
(0 -0 0)
(0 -0 0)
(0 -0 0)
(0 -0 0)
(0 -0 0)
(0 -0 0)
(0 -4.442259992e-15 0)
(0 -0 0)
(0 -4.486124647e-15 0)
(0 -0 0)
(0 9.061728407e-15 0)
(0 -0 0)
(0 -0 0)
(0 -0 0)
(0 -0 0)
(0 -0 0)
(0 -9.341204426e-15 0)
(0 9.389468437e-15 0)
(0 -0 0)
(0 -0 0)
(0 -9.537299971e-15 0)
(0 -0 0)
(0 -0 0)
(0 -0 0)
(0 -0 0)
(0 -0 0)
(0 -0 0)
(0 -0 0)
(0 -0 0)
(0 -0 0)
(0 -0 0)
(0 -1.012161536e-14 0)
(0 -0 0)
(0 -0 0)
(0 -0 0)
(0 -1.03522497e-14 0)
(0 -0 0)
(0 -0 0)
(0 -0 0)
(0 -0 0)
(0 -0 0)
(0 -0 0)
(0 -0 0)
(0 -0 0)
(0 -0 0)
(0 -2.195519436e-14 0)
(0 -0 0)
(0 -0 0)
(0 -0 0)
(0 -2.249882828e-14 0)
(0 -0 0)
(0 2.278086754e-14 0)
(7.368271691e-15 2.682050895e-15 -0)
(0 -0 0)
(0 -0 0)
(0 -0 0)
(0 -0 0)
(0 -0 0)
(0 -0 0)
(0 -0 0)
(0 -0 0)
(0 -0 0)
(0 -0 0)
(0 -0 0)
(0 -0 0)
(0 -0 0)
(0 -0 0)
(0 -0 0)
(0 -0 0)
(0 -0 0)
(0 -0 0)
(0 -0 0)
(0 -0 0)
(0 -0 0)
(0 -0 0)
(0 -0 0)
(0 -0 0)
(0 -0 0)
(0 -0 0)
(0 4.442259992e-15 0)
(0 4.464084572e-15 0)
(0 -0 0)
(0 -4.508383433e-15 0)
(0 -9.06172843e-15 0)
(0 -0 0)
(0 9.153010251e-15 0)
(0 -0 0)
(0 9.246149834e-15 0)
(0 -0 0)
(0 -0 0)
(0 -0 0)
(0 9.438233753e-15 0)
(0 -0 0)
(0 -0 0)
(0 -0 0)
(0 -0 0)
(0 -0 0)
(0 9.741805114e-15 0)
(0 9.79430916e-15 0)
(0 -0 0)
(0 -0 0)
(0 -0 0)
(0 -1.001010943e-14 0)
(0 -0 0)
(0 -0 0)
(0 -0 0)
(0 -0 0)
(0 -0 0)
(0 -0 0)
(0 -0 0)
(0 1.047155378e-14 0)
(0 -0 0)
(0 -0 0)
(0 -0 0)
(0 -0 0)
(0 -0 0)
(0 -0 0)
(0 -0 0)
(0 -0 0)
(0 -0 0)
(0 -0 0)
(0 -0 0)
(0 -0 0)
(0 -0 0)
(0 -0 0)
(0 -0 0)
(0 -0 -0)
(0 -0 0)
(0 -0 0)
(0 -0 0)
(0 -0 0)
(0 -0 0)
(0 -0 0)
(0 -0 0)
(0 -0 0)
(0 -0 0)
(0 -0 0)
(0 -0 0)
(0 -0 0)
(0 -0 0)
(0 -0 0)
(0 -0 0)
(0 -0 0)
(0 -0 0)
(0 -0 0)
(0 -0 0)
(0 -0 0)
(0 -0 0)
(0 -0 0)
(0 -0 0)
(0 -0 0)
(0 -0 0)
(0 -0 0)
(0 -0 0)
(0 -0 0)
(0 -0 0)
(0 9.016766866e-15 0)
(0 -0 0)
(0 -0 0)
(0 -0 0)
(0 -0 0)
(0 -0 0)
(0 -0 0)
(0 -0 0)
(0 -0 0)
(0 -9.438233753e-15 0)
(0 -0 0)
(0 9.537299946e-15 0)
(0 -0 0)
(0 -0 0)
(0 -0 0)
(0 -0 0)
(0 -9.794309133e-15 0)
(0 -0 0)
(0 -0 0)
(0 -0 0)
(0 -0 0)
(0 -0 0)
(0 -0 0)
(0 -0 0)
(0 -0 0)
(0 -0 0)
(0 -0 0)
(0 -0 0)
(0 -1.047155375e-14 0)
(0 1.053224293e-14 0)
(0 -1.059363971e-14 0)
(0 -0 0)
(0 -0 0)
(0 -0 0)
(0 -0 0)
(0 -0 0)
(0 -0 0)
(0 -0 0)
(0 2.22236872e-14 0)
(0 -0 0)
(0 -0 0)
(0 -0 0)
(0 -2.278086754e-14 0)
(0 -0 0)
(0 -2.307006764e-14 0)
(7.462408475e-15 2.716316685e-15 -0)
(0 -0 0)
(0 -0 0)
(0 -0 0)
(0 -0 0)
(0 -0 0)
(0 -0 0)
(0 -0 0)
(0 -0 0)
(0 -0 0)
(0 -0 0)
(0 -0 0)
(0 -0 0)
(0 -0 0)
(0 -0 0)
(0 -0 0)
(0 -0 0)
(0 -0 0)
(0 -0 0)
(0 -0 0)
(0 -0 0)
(0 -0 0)
(0 -0 0)
(0 -0 0)
(0 -0 0)
(0 -0 0)
(0 -0 0)
(0 -0 0)
(0 -4.464084561e-15 0)
(0 -0 0)
(0 -9.016766866e-15 0)
(0 4.530864203e-15 0)
(0 -0 0)
(0 -0 0)
(0 -9.199344286e-15 0)
(0 -9.246149834e-15 0)
(0 9.293434078e-15 0)
(0 -0 0)
(0 -0 0)
(0 -0 0)
(0 -0 0)
(0 9.537299971e-15 0)
(0 -0 0)
(0 -0 0)
(0 -0 0)
(0 -0 0)
(0 -0 0)
(0 -9.847382193e-15 0)
(0 -0 0)
(0 -0 0)
(0 -0 0)
(0 -0 0)
(0 -0 0)
(0 -0 0)
(0 -0 0)
(0 -0 0)
(0 -0 0)
(0 1.041155997e-14 0)
(0 -0 0)
(0 -1.053224296e-14 0)
(0 1.059363971e-14 0)
(0 -0 0)
(0 -0 0)
(0 -0 0)
(0 -0 0)
(0 -0 0)
(0 -0 0)
(0 -0 0)
(0 -2.222368727e-14 0)
(0 -0 0)
(0 -0 0)
(0 -0 0)
(0 2.278086754e-14 0)
(0 -0 0)
(0 2.307006771e-14 0)
(0 -0 0)
(0 -0 0)
(0 -0 0)
(0 -0 0)
(0 -0 0)
(0 -0 0)
(0 -0 0)
(0 -0 0)
(0 -0 0)
(0 -0 0)
(0 -0 0)
(0 -0 0)
(0 -0 0)
(0 -0 0)
(0 -0 0)
(0 -0 0)
(0 -0 0)
(0 -0 0)
(0 -0 0)
(0 -0 0)
(0 -0 0)
(0 -0 0)
(0 -0 0)
(0 -0 0)
(0 -0 0)
(0 -0 0)
(0 -0 0)
(0 4.464084606e-15 0)
(0 -0 0)
(0 4.508383433e-15 0)
(0 -0 0)
(0 -0 0)
(0 -0 0)
(0 -0 0)
(0 9.246149834e-15 0)
(0 -0 0)
(0 9.341204451e-15 0)
(0 -0 0)
(0 -0 0)
(0 -0 0)
(0 -9.537299971e-15 0)
(0 -0 0)
(0 -0 0)
(0 -0 0)
(0 -0 0)
(0 -0 0)
(0 -0 0)
(0 -0 0)
(0 -0 0)
(0 -0 0)
(0 -0 0)
(0 -0 0)
(0 -0 0)
(0 -0 0)
(0 -0 0)
(0 -0 0)
(0 -1.041155997e-14 0)
(0 -0 0)
(0 -0 0)
(0 -0 0)
(0 1.06557565e-14 0)
(0 -0 0)
(0 -0 0)
(0 -0 0)
(0 -0 0)
(0 -0 0)
(0 -0 0)
(0 -0 0)
(0 -0 0)
(0 -0 0)
(0 -0 0)
(0 -2.278086754e-14 0)
(0 -0 0)
(0 -2.307006771e-14 0)
(0 -0 0)
(0 -0 0)
(0 -0 0)
(0 -0 0)
(0 -0 0)
(0 -0 0)
(0 -0 0)
(0 -0 0)
(0 -0 0)
(0 -0 0)
(0 -0 0)
(0 -0 0)
(0 -0 0)
(0 -0 0)
(0 -0 0)
(0 -0 0)
(0 -0 0)
(0 -0 0)
(0 -0 0)
(0 -0 0)
(0 -0 0)
(0 -0 0)
(0 -0 0)
(0 -0 0)
(0 -0 0)
(0 -4.442259992e-15 0)
(0 -0 0)
(0 -0 0)
(0 4.508383433e-15 0)
(0 -0 0)
(0 -0 0)
(0 4.576505125e-15 0)
(0 -0 0)
(0 -4.623074905e-15 0)
(0 -0 0)
(0 -0 0)
(0 -0 0)
(0 -9.438233753e-15 0)
(0 -0 0)
(0 -0 0)
(0 -0 0)
(0 9.638467874e-15 0)
(0 -0 0)
(0 -0 0)
(0 -0 0)
(0 -0 0)
(0 -0 0)
(0 -9.955272706e-15 0)
(0 -0 0)
(0 -1.006555359e-14 0)
(0 -0 0)
(0 -0 0)
(0 -0 0)
(0 -0 0)
(0 -0 0)
(0 -0 0)
(0 -0 0)
(0 -0 0)
(0 -0 0)
(0 -1.065575647e-14 0)
(0 1.071860598e-14 0)
(0 -0 0)
(0 -0 0)
(0 -0 0)
(0 -0 0)
(0 -0 0)
(0 -0 0)
(0 -0 0)
(0 2.249882828e-14 0)
(0 -0 0)
(0 -0 0)
(0 -0 0)
(0 -2.307006764e-14 0)
(0 -0 0)
(0 -0 0)
(0 -0 0)
(0 -0 0)
(0 -0 0)
(0 -0 0)
(0 -0 0)
(0 -0 0)
(0 -0 0)
(0 -0 0)
(0 -0 0)
(0 -0 0)
(0 -0 0)
(0 -0 0)
(0 -0 0)
(0 -0 0)
(0 -0 0)
(0 -0 0)
(0 -0 0)
(0 -0 0)
(0 -0 0)
(0 -0 0)
(0 -0 0)
(0 -0 0)
(0 -0 0)
(0 -0 0)
(0 4.486124681e-15 0)
(0 -0 0)
(0 -4.530864203e-15 0)
(0 -0 0)
(0 -4.576505125e-15 0)
(0 -0 0)
(0 -0 0)
(0 -0 0)
(0 -0 0)
(0 9.389468437e-15 0)
(0 -0 0)
(0 -0 0)
(0 -9.537299971e-15 0)
(0 -0 0)
(0 -0 0)
(0 -0 0)
(0 -0 0)
(0 -0 0)
(0 -9.847382193e-15 0)
(0 -0 0)
(0 -0 0)
(0 -0 0)
(0 -0 0)
(0 -0 0)
(0 -0 0)
(0 -0 0)
(0 -1.029361131e-14 0)
(0 -0 0)
(0 -0 0)
(0 -0 0)
(0 -0 0)
(0 -0 0)
(0 -0 0)
(0 -1.071860601e-14 0)
(0 -0 0)
(0 -0 0)
(0 -0 0)
(0 -0 0)
(0 -0 0)
(0 -0 0)
(0 -0 0)
(0 -2.249882828e-14 0)
(0 -0 0)
(0 2.278086754e-14 0)
(0 -0 0)
(0 2.307006771e-14 0)
(0 -0 0)
(0 -0 0)
(0 -0 0)
(0 -0 0)
(0 -0 0)
(0 -0 0)
(0 -0 0)
(0 -0 0)
(0 -0 0)
(0 -0 0)
(0 -0 0)
(0 -0 0)
(0 -0 0)
(0 -0 0)
(0 -0 0)
(0 -0 0)
(0 -0 0)
(0 -0 0)
(0 -0 0)
(0 -0 0)
(0 -0 0)
(0 -0 0)
(0 -0 0)
(0 -0 0)
(0 -0 0)
(0 -0 0)
(0 -4.508383433e-15 0)
(0 4.53086425e-15 0)
(0 -0 0)
(0 -0 0)
(0 -0 0)
(0 -4.623074917e-15 0)
(0 -0 0)
(0 -0 0)
(0 -0 0)
(0 1.887646751e-14 0)
(0 -0 0)
(0 -0 0)
(0 -0 0)
(0 -0 0)
(0 -0 0)
(0 9.741805114e-15 0)
(0 -0 0)
(0 -0 0)
(0 -0 0)
(0 -0 0)
(0 -0 0)
(0 -0 0)
(0 1.012161539e-14 0)
(0 -0 0)
(0 -0 0)
(0 -0 0)
(0 -0 0)
(0 -0 0)
(0 -0 0)
(0 -0 0)
(0 -0 0)
(0 -0 0)
(0 -0 0)
(0 -0 0)
(0 1.08465558e-14 0)
(0 -0 0)
(0 -0 0)
(0 -0 0)
(0 -0 0)
(0 -0 0)
(0 -0 0)
(0 -0 0)
(0 -0 0)
(0 2.292455561e-14 0)
(0 -0 0)
(0 -0 0)
(0 -0 0)
(0 -0 0)
(0 -0 0)
(0 -0 0)
(0 -0 0)
(0 -0 0)
(0 -0 0)
(0 -0 0)
(0 -0 0)
(0 -0 0)
(0 -0 0)
(0 -0 0)
(0 -0 0)
(0 -0 0)
(0 -0 0)
(0 -0 0)
(0 -0 0)
(0 -0 0)
(0 -0 0)
(0 -0 0)
(0 4.420647704e-15 0)
(0 -0 0)
(0 -0 0)
(0 -0 0)
(0 -0 0)
(0 -0 0)
(0 -0 0)
(0 -0 0)
(0 -0 0)
(0 -0 0)
(0 -0 0)
(0 -9.341204426e-15 0)
(0 -0 0)
(0 -0 0)
(0 -0 0)
(0 -0 0)
(0 -9.587617051e-15 0)
(0 -0 0)
(0 -0 0)
(0 -9.741805114e-15 0)
(0 -0 0)
(0 -0 0)
(0 -0 0)
(0 -0 0)
(0 -0 0)
(0 -0 0)
(0 -1.012161536e-14 0)
(0 1.017830512e-14 0)
(0 -1.02356335e-14 0)
(0 -0 0)
(0 -0 0)
(0 -1.041155997e-14 0)
(0 -0 0)
(0 -0 0)
(0 -0 0)
(0 -0 0)
(0 -0 0)
(0 -0 0)
(0 -1.084655577e-14 0)
(0 1.091168304e-14 0)
(0 -0 0)
(0 -0 0)
(0 -0 0)
(0 -2.236041141e-14 0)
(0 -0 0)
(0 -0 0)
(0 2.278086754e-14 0)
(0 -0 0)
(0 -0 0)
(0 -0 0)
(0 -0 0)
(0 -0 0)
(0 -0 0)
(0 -0 0)
(0 -0 0)
(0 -0 0)
(0 -0 0)
(0 -0 0)
(0 -0 0)
(0 -0 0)
(0 -0 0)
(0 -0 0)
(0 -0 0)
(0 -0 0)
(0 -0 0)
(0 -0 0)
(0 -0 0)
(0 -0 0)
(0 -0 0)
(0 -4.420647814e-15 0)
(0 -4.442259992e-15 0)
(0 -0 0)
(0 -4.486124681e-15 0)
(0 -0 0)
(0 -4.530864169e-15 0)
(0 -4.553570342e-15 0)
(0 -0 0)
(0 4.599672107e-15 0)
(0 -0 0)
(0 -0 0)
(0 4.670602213e-15 0)
(0 -0 0)
(0 -0 0)
(0 -0 0)
(0 -0 0)
(0 -0 0)
(0 -0 0)
(0 -0 0)
(0 -0 0)
(0 -0 0)
(0 -0 0)
(0 -0 0)
(0 -0 0)
(0 -0 0)
(0 -0 0)
(0 -0 0)
(0 -1.017830515e-14 0)
(0 -0 0)
(0 -0 0)
(0 -0 0)
(0 1.041155997e-14 0)
(0 -0 0)
(0 -0 0)
(0 -0 0)
(0 -0 0)
(0 -0 0)
(0 -0 0)
(0 -0 0)
(0 -1.091168308e-14 0)
(0 -0 0)
(0 -0 0)
(0 -0 0)
(0 -0 0)
(0 -2.249882828e-14 0)
(0 -0 0)
(0 -2.278086754e-14 0)
(0 -0 0)
(0 2.307006771e-14 0)
(0 -0 0)
(0 -0 0)
(0 -0 0)
(0 -0 0)
(0 -0 0)
(0 -0 0)
(0 -0 0)
(0 -0 0)
(0 -0 0)
(0 -0 0)
(0 -0 0)
(0 -0 0)
(0 -0 0)
(0 -0 0)
(0 -0 0)
(0 -0 0)
(0 -0 0)
(0 -0 0)
(0 -0 0)
(0 -0 0)
(0 -0 0)
(0 -0 0)
(0 -0 0)
(0 -0 0)
(0 -0 0)
(0 -0 0)
(0 -0 0)
(0 -0 0)
(0 -0 0)
(0 -0 0)
(0 -0 0)
(0 -0 0)
(0 -4.719116877e-15 0)
(0 -0 0)
(0 9.537299971e-15 0)
(0 9.587617051e-15 0)
(0 -0 0)
(0 -0 0)
(0 -0 0)
(0 -0 0)
(0 -9.847382193e-15 0)
(0 -0 0)
(0 -0 0)
(0 -0 0)
(0 -0 0)
(0 -0 0)
(0 -0 0)
(0 -0 0)
(0 -0 0)
(0 -0 0)
(0 -0 0)
(0 -0 0)
(0 -0 0)
(0 1.059363971e-14 0)
(0 -0 0)
(0 -1.071860601e-14 0)
(0 -0 0)
(0 -0 0)
(0 -0 0)
(0 -0 0)
(0 -0 0)
(0 -0 0)
(0 -0 0)
(0 -0 0)
(0 -0 0)
(0 -0 0)
(0 -0 0)
(0 -2.307006771e-14 0)
(0 -0 0)
(0 -0 0)
(0 -0 0)
(0 -0 0)
(0 -0 0)
(0 -0 0)
(0 -0 0)
(0 -0 0)
(0 -0 0)
(0 -0 0)
(0 -0 0)
(0 -0 0)
(0 -0 0)
(0 -0 0)
(0 -0 0)
(0 -0 0)
(0 -0 0)
(0 -0 0)
(0 -0 0)
(0 -0 0)
(0 -0 0)
(0 4.486124567e-15 0)
(0 -0 0)
(0 -0 0)
(0 -0 0)
(0 -0 0)
(0 -0 0)
(0 -9.246149664e-15 0)
(0 -0 0)
(0 -0 0)
(0 -0 0)
(0 4.719116877e-15 0)
(0 -0 0)
(0 -4.768649973e-15 0)
(0 -0 0)
(0 -0 0)
(0 9.689860979e-15 0)
(0 -9.741805114e-15 0)
(0 -0 0)
(0 -0 0)
(0 -0 0)
(0 -0 0)
(0 -0 0)
(0 -0 0)
(0 -0 0)
(0 -0 0)
(0 -0 0)
(0 -1.029361131e-14 0)
(0 1.035224967e-14 0)
(0 -0 0)
(0 -0 0)
(0 -0 0)
(0 -1.059363971e-14 0)
(0 -0 0)
(0 1.071860598e-14 0)
(0 -0 0)
(0 -0 0)
(0 -0 0)
(0 -0 0)
(0 -0 0)
(0 1.11118436e-14 0)
(0 1.118020571e-14 0)
(0 -0 0)
(0 -0 0)
(0 -2.278086754e-14 0)
(0 -2.292455554e-14 0)
(0 -0 0)
(0 -0 0)
(0 -0 0)
(0 -0 0)
(0 -0 0)
(0 -0 0)
(0 -0 0)
(0 -0 0)
(0 -0 0)
(0 -0 0)
(0 -0 0)
(0 -0 0)
(0 -0 0)
(0 -0 0)
(0 -0 0)
(0 -0 0)
(0 -0 0)
(0 -0 0)
(0 -0 0)
(0 4.442259992e-15 0)
(0 4.464084527e-15 0)
(0 -4.486124681e-15 0)
(0 -0 0)
(0 -0 0)
(0 -0 0)
(0 4.576505125e-15 0)
(0 -0 0)
(0 4.623074953e-15 0)
(0 -0 0)
(0 4.670602176e-15 0)
(0 -0 0)
(0 -0 0)
(0 -4.743754125e-15 0)
(0 -4.768649986e-15 0)
(0 -0 0)
(0 -0 0)
(0 -0 0)
(0 9.741805114e-15 0)
(0 -0 0)
(0 -9.847382193e-15 0)
(0 -0 0)
(0 -9.955272706e-15 0)
(0 -0 0)
(0 -0 0)
(0 -0 0)
(0 -0 0)
(0 -0 0)
(0 -0 0)
(0 -0 0)
(0 1.041155997e-14 0)
(0 -0 0)
(0 -0 0)
(0 -0 0)
(0 -0 0)
(0 -0 0)
(0 -0 0)
(0 -0 0)
(0 -0 0)
(0 -0 0)
(0 -0 0)
(0 -1.111184363e-14 0)
(0 -1.118020571e-14 0)
(0 1.124941414e-14 0)
(0 -0 0)
(0 -0 0)
(0 -0 0)
(0 -0 0)
(0 -0 0)
(0 -0 0)
(0 -0 0)
(0 -0 0)
(0 -0 0)
(0 -0 0)
(0 -0 0)
(0 -0 0)
(0 -0 0)
(0 -0 0)
(0 -0 0)
(0 -0 0)
(0 -0 0)
(0 -0 0)
(0 -0 0)
(0 -0 0)
(0 -0 0)
(0 -2.221129996e-15 0)
(0 -4.46408464e-15 0)
(0 -0 0)
(0 -0 0)
(0 4.530864285e-15 0)
(0 -0 0)
(0 -4.576505125e-15 0)
(0 -4.599672227e-15 0)
(0 -4.623074953e-15 0)
(0 -4.646717039e-15 0)
(0 -4.6706023e-15 0)
(0 4.694734256e-15 0)
(0 -0 0)
(0 -0 0)
(0 4.768649986e-15 0)
(0 -4.793808526e-15 0)
(0 -0 0)
(0 -0 0)
(0 -0 0)
(0 -0 0)
(0 9.847382193e-15 0)
(0 -0 0)
(0 -0 0)
(0 -0 0)
(0 -0 0)
(0 -0 0)
(0 -0 0)
(0 -0 0)
(0 -0 0)
(0 -0 0)
(0 -0 0)
(0 -0 0)
(0 -0 0)
(0 -0 0)
(0 -0 0)
(0 -0 0)
(0 -0 0)
(0 -0 0)
(0 -0 0)
(0 -0 0)
(0 -0 0)
(0 -0 0)
(0 -0 0)
(0 -0 0)
(0 -0 0)
(0 -0 0)
(0 -0 0)
(0 -0 0)
(0 -0 0)
(0 -0 0)
(0 -0 0)
(0 -0 0)
(0 -0 0)
(0 -0 0)
(0 -0 0)
(0 -0 0)
(0 -0 0)
(0 -0 0)
(0 -0 0)
(0 -0 0)
(0 -0 0)
(0 -0 0)
(0 -0 0)
(0 -0 0)
(0 -0 0)
(0 -0 0)
(0 -0 0)
(0 4.508383433e-15 0)
(0 -0 0)
(0 -0 0)
(0 -0 0)
(0 -0 0)
(0 4.623074832e-15 0)
(0 -0 0)
(0 -0 0)
(0 -4.694734131e-15 0)
(0 -0 0)
(0 -0 0)
(0 -9.537299946e-15 0)
(0 4.793808526e-15 0)
(0 -0 0)
(0 -0 0)
(0 -0 0)
(0 -9.794309133e-15 0)
(0 9.847382166e-15 0)
(0 -0 0)
(0 -0 0)
(0 -0 0)
(0 -0 0)
(0 -0 0)
(0 -0 0)
(0 -0 0)
(0 -0 0)
(0 -0 0)
(0 -0 0)
(0 -1.047155375e-14 0)
(0 1.053224293e-14 0)
(0 -1.059363971e-14 0)
(0 -0 0)
(0 -0 0)
(0 -0 0)
(0 -0 0)
(0 -0 0)
(0 -0 0)
(0 -0 0)
(0 -0 0)
(0 -0 0)
(0 -1.124941414e-14 0)
(0 1.131948474e-14 0)
(0 -0 0)
(0 -0 0)
(0 -0 0)
(0 -0 0)
(0 -0 0)
(0 -0 0)
(0 -0 0)
(0 -0 0)
(0 -0 0)
(0 -0 0)
(0 -0 0)
(0 -0 0)
(0 -0 0)
(0 -0 0)
(0 -0 0)
(0 -0 0)
(0 -0 0)
(0 -0 0)
(0 -2.221129996e-15 0)
(0 2.232042264e-15 0)
(0 -0 0)
(0 -0 0)
(0 -0 0)
(0 -0 0)
(0 -0 0)
(0 -0 0)
(0 -4.623074953e-15 0)
(0 -0 0)
(0 -4.670602176e-15 0)
(0 -0 0)
(0 4.719116877e-15 0)
(0 4.743754087e-15 0)
(0 -0 0)
(0 -9.587617051e-15 0)
(0 -0 0)
(0 -0 0)
(0 -0 0)
(0 9.794309133e-15 0)
(0 -9.847382193e-15 0)
(0 -9.90103354e-15 0)
(0 -0 0)
(0 -0 0)
(0 -0 0)
(0 -0 0)
(0 -0 0)
(0 -0 0)
(0 -0 0)
(0 -0 0)
(0 1.041155997e-14 0)
(0 -0 0)
(0 -0 0)
(0 -0 0)
(0 -0 0)
(0 -0 0)
(0 -0 0)
(0 -0 0)
(0 -0 0)
(0 -0 0)
(0 -1.104431245e-14 0)
(0 -0 0)
(0 1.118020571e-14 0)
(0 1.124941414e-14 0)
(0 -1.131948478e-14 0)
(0 1.139043377e-14 0)
(0 -0 0)
(0 -0 0)
(0 -0 0)
(0 -0 0)
(0 -0 0)
(0 -0 0)
(0 -0 0)
(0 -0 0)
(0 -0 0)
(0 -0 0)
(0 -0 0)
(0 -0 0)
(0 -0 0)
(0 -0 0)
(0 -0 0)
(0 -0 0)
(0 -0 0)
(0 -2.23204232e-15 0)
(0 -0 0)
(0 2.254191716e-15 0)
(0 -0 0)
(0 -0 0)
(0 4.576505125e-15 0)
(0 -0 0)
(0 4.623074953e-15 0)
(0 -0 0)
(0 -0 0)
(0 4.694734256e-15 0)
(0 -4.719116877e-15 0)
(0 -4.743754214e-15 0)
(0 9.537300049e-15 0)
(0 -0 0)
(0 -0 0)
(0 -0 0)
(0 -0 0)
(0 -0 0)
(0 -0 0)
(0 9.90103354e-15 0)
(0 -9.955272734e-15 0)
(0 -0 0)
(0 -0 0)
(0 -0 0)
(0 -1.017830515e-14 0)
(0 -0 0)
(0 -0 0)
(0 -0 0)
(0 -1.041155997e-14 0)
(0 -0 0)
(0 -0 0)
(0 1.059363971e-14 0)
(0 1.06557565e-14 0)
(0 -0 0)
(0 -0 0)
(0 -0 0)
(0 -1.091168308e-14 0)
(0 1.097759718e-14 0)
(0 -0 0)
(0 -0 0)
(0 -1.118020571e-14 0)
(0 -0 0)
(0 -0 0)
(0 -1.139043377e-14 0)
(0 -0 0)
(0 -0 0)
(0 -0 0)
(0 -0 0)
(0 -0 0)
(0 -0 0)
(0 -0 0)
(0 -0 0)
(0 -0 0)
(0 -0 0)
(0 -0 0)
(0 -0 0)
(0 -0 0)
(0 -0 0)
(0 -0 0)
(0 -0 0)
(0 -0 0)
(0 4.486124567e-15 0)
(0 -0 0)
(0 -0 0)
(0 4.553570225e-15 0)
(0 -0 0)
(0 -0 0)
(0 4.623074832e-15 0)
(0 -0 0)
(0 -0 0)
(0 -4.694734131e-15 0)
(0 -0 0)
(0 4.743754087e-15 0)
(0 -9.537299791e-15 0)
(0 -0 0)
(0 -0 0)
(0 -0 0)
(0 4.870902557e-15 0)
(0 -4.897154566e-15 0)
(0 -4.923691083e-15 0)
(0 -0 0)
(0 9.955272706e-15 0)
(0 1.00101094e-14 0)
(0 -0 0)
(0 -0 0)
(0 -0 0)
(0 -0 0)
(0 1.029361131e-14 0)
(0 -0 0)
(0 -0 0)
(0 -0 0)
(0 -0 0)
(0 -0 0)
(0 -1.065575647e-14 0)
(0 1.071860598e-14 0)
(0 -1.078220132e-14 0)
(0 -0 0)
(0 -0 0)
(0 -0 0)
(0 -0 0)
(0 1.11118436e-14 0)
(0 -1.118020571e-14 0)
(0 -0 0)
(0 -0 0)
(0 -0 0)
(0 -0 0)
(0 -0 0)
(0 -0 0)
(0 -0 0)
(0 -0 0)
(0 -0 0)
(0 -0 0)
(0 -0 0)
(0 -0 0)
(0 -0 0)
(0 -0 0)
(0 -0 0)
(0 -0 0)
(0 -0 0)
(0 -0 0)
(0 -0 0)
(0 -0 0)
(0 -0 0)
(0 2.265432084e-15 0)
(0 -0 0)
(0 -4.576505125e-15 0)
(0 -0 0)
(0 -4.623074953e-15 0)
(0 -0 0)
(0 -0 0)
(0 -0 0)
(0 -0 0)
(0 -4.743754087e-15 0)
(0 4.768650024e-15 0)
(0 -0 0)
(0 -0 0)
(0 -0 0)
(0 -9.741805114e-15 0)
(0 9.794309133e-15 0)
(0 -4.923691097e-15 0)
(0 4.95051677e-15 0)
(0 -0 0)
(0 -0 0)
(0 1.006555359e-14 0)
(0 -0 0)
(0 -0 0)
(0 -0 0)
(0 -1.029361131e-14 0)
(0 -0 0)
(0 1.041155997e-14 0)
(0 -0 0)
(0 -0 0)
(0 -0 0)
(0 -0 0)
(0 -1.071860601e-14 0)
(0 -0 0)
(0 -0 0)
(0 -0 0)
(0 -0 0)
(0 -0 0)
(0 -0 0)
(0 1.118020571e-14 0)
(0 1.124941414e-14 0)
(0 -0 0)
(0 -0 0)
(0 -0 0)
(0 -0 0)
(0 -0 0)
(0 -0 0)
(0 -0 0)
(0 -0 0)
(0 -0 0)
(0 -0 0)
(0 -0 0)
(0 -0 0)
(0 -0 0)
(0 -0 0)
(0 -0 0)
(0 -0 0)
(0 -0 0)
(0 -2.24306234e-15 0)
(0 -0 0)
(0 -2.265432142e-15 0)
(0 -0 0)
(0 -0 0)
(0 4.599672227e-15 0)
(0 -0 0)
(0 4.646717039e-15 0)
(0 4.6706023e-15 0)
(0 -0 0)
(0 -0 0)
(0 -0 0)
(0 -4.768650024e-15 0)
(0 -4.793808526e-15 0)
(0 -4.819234029e-15 0)
(0 -0 0)
(0 -0 0)
(0 -0 0)
(0 -4.923691097e-15 0)
(0 -0 0)
(0 -0 0)
(0 -0 0)
(0 1.006555359e-14 0)
(0 1.012161539e-14 0)
(0 -0 0)
(0 -0 0)
(0 -0 0)
(0 -0 0)
(0 1.041155997e-14 0)
(0 -1.047155378e-14 0)
(0 -0 0)
(0 -0 0)
(0 -0 0)
(0 -0 0)
(0 1.078220132e-14 0)
(0 -0 0)
(0 -0 0)
(0 -0 0)
(0 -0 0)
(0 -1.111184363e-14 0)
(0 -0 0)
(0 -0 0)
(0 -0 0)
(0 -0 0)
(0 -0 0)
(0 1.153503386e-14 0)
(0 1.160871943e-14 0)
(0 -0 0)
(0 -0 0)
(0 -0 0)
(0 -0 0)
(0 -0 0)
(0 -0 0)
(0 -0 0)
(0 -0 0)
(0 2.210323852e-15 0)
(0 -0 0)
(0 -0 0)
(0 -0 0)
(0 -0 0)
(0 -0 0)
(0 -0 0)
(0 2.288252563e-15 0)
(0 -2.299836054e-15 0)
(0 -4.623074832e-15 0)
(0 -0 0)
(0 -0 0)
(0 -0 0)
(0 4.719116877e-15 0)
(0 -0 0)
(0 4.768649895e-15 0)
(0 -0 0)
(0 -0 0)
(0 -0 0)
(0 4.870902557e-15 0)
(0 -0 0)
(0 -0 0)
(0 -0 0)
(0 -0 0)
(0 -0 0)
(0 -0 0)
(0 -1.012161536e-14 0)
(0 -0 0)
(0 -1.02356335e-14 0)
(0 -0 0)
(0 -0 0)
(0 -0 0)
(0 -0 0)
(0 -0 0)
(0 -0 0)
(0 -0 0)
(0 -0 0)
(0 -0 0)
(0 -0 0)
(0 1.091168304e-14 0)
(0 -0 0)
(0 -0 0)
(0 -0 0)
(0 -0 0)
(0 -0 0)
(0 -0 0)
(0 -0 0)
(0 -0 0)
(0 -0 0)
(0 -0 0)
(0 -0 0)
(0 -0 0)
(0 -0 0)
(0 -0 0)
(0 -0 0)
(0 -0 0)
(0 -0 0)
(0 -1.105161954e-15 0)
(0 -0 0)
(0 -0 0)
(0 -0 0)
(0 -0 0)
(0 -0 0)
(0 -0 0)
(0 -2.288252563e-15 0)
(0 -0 0)
(0 -0 0)
(0 -0 0)
(0 -0 0)
(0 -0 0)
(0 -4.719116877e-15 0)
(0 -0 0)
(0 -0 0)
(0 4.793808526e-15 0)
(0 -0 0)
(0 -0 0)
(0 -0 0)
(0 9.794309051e-15 0)
(0 -0 0)
(0 -4.950516812e-15 0)
(0 -0 0)
(0 -0 0)
(0 -0 0)
(0 -0 0)
(0 -0 0)
(0 -0 0)
(0 -0 0)
(0 -0 0)
(0 -0 0)
(0 -0 0)
(0 1.053224296e-14 0)
(0 -0 0)
(0 -0 0)
(0 -0 0)
(0 -0 0)
(0 -0 0)
(0 -0 0)
(0 -0 0)
(0 -0 0)
(0 -0 0)
(0 1.118020571e-14 0)
(0 -0 0)
(0 -0 0)
(0 -1.139043377e-14 0)
(0 -1.146227777e-14 0)
(0 -0 0)
(0 -0 0)
(0 -0 0)
(0 -0 0)
(0 -0 0)
(0 -0 0)
(0 -0 0)
(0 -0 0)
(0 -0 0)
(0 -1.110564998e-15 0)
(0 2.23204232e-15 0)
(0 -2.24306234e-15 0)
(0 -0 0)
(0 -0 0)
(0 -0 0)
(0 -0 0)
(0 -2.299836114e-15 0)
(0 -0 0)
(0 -2.32335852e-15 0)
(0 -0 0)
(0 -0 0)
(0 -0 0)
(0 -0 0)
(0 4.768650024e-15 0)
(0 -0 0)
(0 -4.819234029e-15 0)
(0 -4.844930543e-15 0)
(0 -0 0)
(0 -4.897154662e-15 0)
(0 4.923691138e-15 0)
(0 -0 0)
(0 -0 0)
(0 -0 0)
(0 -0 0)
(0 -0 0)
(0 -0 0)
(0 1.02356335e-14 0)
(0 -0 0)
(0 -0 0)
(0 -0 0)
(0 -0 0)
(0 -0 0)
(0 -0 0)
(0 -1.06557565e-14 0)
(0 -0 0)
(0 -0 0)
(0 -0 0)
(0 -0 0)
(0 -0 0)
(0 -0 0)
(0 -0 0)
(0 -0 0)
(0 -0 0)
(0 -0 0)
(0 -0 0)
(0 1.146227781e-14 0)
(0 1.153503386e-14 0)
(0 -0 0)
(0 -0 0)
(0 -0 0)
(0 -0 0)
(0 -0 0)
(0 -0 0)
(0 2.210323852e-15 0)
(0 1.110564998e-15 0)
(0 -0 0)
(0 2.243062283e-15 0)
(0 2.254191716e-15 0)
(0 -2.265432084e-15 0)
(0 -0 0)
(0 -0 0)
(0 -0 0)
(0 4.623074832e-15 0)
(0 -0 0)
(0 -0 0)
(0 4.694734131e-15 0)
(0 4.719116877e-15 0)
(0 4.743754087e-15 0)
(0 4.768649895e-15 0)
(0 -0 0)
(0 -0 0)
(0 -0 0)
(0 -0 0)
(0 -0 0)
(0 -4.923691e-15 0)
(0 4.95051677e-15 0)
(0 -0 0)
(0 -0 0)
(0 -0 0)
(0 -0 0)
(0 -0 0)
(0 -0 0)
(0 -1.029361131e-14 0)
(0 -0 0)
(0 -0 0)
(0 -0 0)
(0 -0 0)
(0 -0 0)
(0 2.131151294e-14 0)
(0 -0 0)
(0 -0 0)
(0 -0 0)
(0 -0 0)
(0 -0 0)
(0 -1.104431245e-14 0)
(0 1.11118436e-14 0)
(0 -0 0)
(0 -0 0)
(0 -0 0)
(0 1.139043377e-14 0)
(0 -0 0)
(0 -0 0)
(0 -0 0)
(0 -0 0)
(0 -0 0)
(0 -0 0)
(0 -0 0)
(0 -0 0)
(0 -0 0)
(0 -1.116021132e-15 0)
(0 -0 0)
(0 -0 0)
(0 -0 0)
(0 -0 0)
(0 -0 0)
(0 -0 0)
(0 -2.311537477e-15 0)
(0 -0 0)
(0 2.335301088e-15 0)
(0 -2.347367128e-15 0)
(0 -4.719116877e-15 0)
(0 -4.743754087e-15 0)
(0 -4.768650024e-15 0)
(0 -0 0)
(0 -0 0)
(0 -0 0)
(0 -0 0)
(0 -0 0)
(0 4.923691138e-15 0)
(0 -0 0)
(0 -0 0)
(0 -5.005054758e-15 0)
(0 -5.032776795e-15 0)
(0 -0 0)
(0 -0 0)
(0 5.117816752e-15 0)
(0 1.029361131e-14 0)
(0 1.03522497e-14 0)
(0 -0 0)
(0 -0 0)
(0 -0 0)
(0 -0 0)
(0 -1.065575647e-14 0)
(0 -0 0)
(0 -0 0)
(0 -0 0)
(0 -0 0)
(0 -0 0)
(0 -0 0)
(0 -1.111184363e-14 0)
(0 -0 0)
(0 1.124941414e-14 0)
(0 -0 0)
(0 -0 0)
(0 -0 0)
(0 -1.153503386e-14 0)
(0 -0 0)
(0 -0 0)
(0 -0 0)
(0 -0 0)
(0 -0 0)
(0 -0 0)
(0 1.11602116e-15 0)
(0 -0 0)
(0 -0 0)
(0 2.265432142e-15 0)
(0 -0 0)
(0 -0 0)
(0 -0 0)
(0 -0 0)
(0 -0 0)
(0 -2.33530115e-15 0)
(0 -0 0)
(0 2.359558438e-15 0)
(0 4.743754214e-15 0)
(0 -0 0)
(0 -0 0)
(0 4.819234029e-15 0)
(0 -0 0)
(0 -0 0)
(0 -0 0)
(0 -4.923691138e-15 0)
(0 -0 0)
(0 -0 0)
(0 1.001010952e-14 0)
(0 -0 0)
(0 -0 0)
(0 -0 0)
(0 -0 0)
(0 -0 0)
(0 -1.03522497e-14 0)
(0 1.041155997e-14 0)
(0 -0 0)
(0 -0 0)
(0 -0 0)
(0 -0 0)
(0 -0 0)
(0 1.078220132e-14 0)
(0 -1.08465558e-14 0)
(0 -0 0)
(0 -0 0)
(0 -0 0)
(0 -0 0)
(0 -0 0)
(0 -0 0)
(0 -0 0)
(0 -0 0)
(0 -0 0)
(0 -0 0)
(0 1.160871943e-14 0)
(0 -0 0)
(0 -0 0)
(0 -0 0)
(0 -0 0)
(0 -0 0)
(0 -0 0)
(0 -0 0)
(0 -0 0)
(0 2.276785112e-15 0)
(0 -0 0)
(0 -0 0)
(0 -0 0)
(0 -0 0)
(0 -0 0)
(0 -0 0)
(0 -0 0)
(0 -0 0)
(0 -4.768649895e-15 0)
(0 4.793808526e-15 0)
(0 -0 0)
(0 -0 0)
(0 -0 0)
(0 -0 0)
(0 -0 0)
(0 -0 0)
(0 -0 0)
(0 -5.005054616e-15 0)
(0 5.032776795e-15 0)
(0 5.060807636e-15 0)
(0 -0 0)
(0 -0 0)
(0 -5.146805656e-15 0)
(0 -0 0)
(0 -0 0)
(0 -0 0)
(0 1.053224293e-14 0)
(0 -1.059363971e-14 0)
(0 -0 0)
(0 -0 0)
(0 -1.078220132e-14 0)
(0 1.084655577e-14 0)
(0 -0 0)
(0 -0 0)
(0 -0 0)
(0 -0 0)
(0 -1.118020571e-14 0)
(0 -0 0)
(0 1.131948474e-14 0)
(0 -0 0)
(0 -0 0)
(0 -0 0)
(0 -1.160871943e-14 0)
(0 -0 0)
(0 -2.776412495e-16 0)
(0 -0 0)
(0 -0 0)
(0 -0 0)
(0 1.132716042e-15 0)
(0 -1.138392586e-15 0)
(0 2.288252563e-15 0)
(0 -0 0)
(0 -2.311537477e-15 0)
(0 -0 0)
(0 -0 0)
(0 -0 0)
(0 -2.359558438e-15 0)
(0 2.371877043e-15 0)
(0 4.768650024e-15 0)
(0 -0 0)
(0 -0 0)
(0 4.844930543e-15 0)
(0 -0 0)
(0 -0 0)
(0 -0 0)
(0 4.95051677e-15 0)
(0 -0 0)
(0 5.005054758e-15 0)
(0 -0 0)
(0 5.060807636e-15 0)
(0 -5.089152617e-15 0)
(0 -5.117816796e-15 0)
(0 -0 0)
(0 -0 0)
(0 -5.205779983e-15 0)
(0 -0 0)
(0 -1.053224296e-14 0)
(0 -0 0)
(0 -0 0)
(0 -0 0)
(0 -0 0)
(0 -0 0)
(0 -0 0)
(0 -0 0)
(0 -0 0)
(0 -0 0)
(0 -0 0)
(0 -0 0)
(0 -1.131948478e-14 0)
(0 -0 0)
(0 -0 0)
(0 -0 0)
(0 -0 0)
(0 2.776412495e-16 0)
(0 -0 0)
(0 -0 0)
(0 -0 0)
(0 1.132716071e-15 0)
(0 -0 0)
(0 -0 0)
(0 2.299836114e-15 0)
(0 -0 0)
(0 -0 0)
(0 -0 0)
(0 -0 0)
(0 -0 0)
(0 -2.371877107e-15 0)
(0 -2.384325012e-15 0)
(0 -0 0)
(0 4.819234029e-15 0)
(0 -4.844930543e-15 0)
(0 -0 0)
(0 -0 0)
(0 -0 0)
(0 -0 0)
(0 -0 0)
(0 -5.005054758e-15 0)
(0 -5.032776795e-15 0)
(0 -5.060807781e-15 0)
(0 5.089152617e-15 0)
(0 5.117816752e-15 0)
(0 -0 0)
(0 -5.176124897e-15 0)
(0 -0 0)
(0 -0 0)
(0 1.053224296e-14 0)
(0 -0 0)
(0 -0 0)
(0 -0 0)
(0 -0 0)
(0 -0 0)
(0 -1.091168308e-14 0)
(0 -0 0)
(0 -1.104431249e-14 0)
(0 -0 0)
(0 -0 0)
(0 -0 0)
(0 -0 0)
(0 -0 0)
(0 1.146227781e-14 0)
(0 -0 0)
(0 -0 0)
(0 -0 0)
(0 5.607655708e-16 0)
(0 -0 0)
(0 -1.132716042e-15 0)
(0 1.138392556e-15 0)
(0 -0 0)
(0 -1.149918027e-15 0)
(0 2.311537416e-15 0)
(0 -0 0)
(0 -2.335301088e-15 0)
(0 -0 0)
(0 -0 0)
(0 -0 0)
(0 4.768649895e-15 0)
(0 2.396904263e-15 0)
(0 -2.409616949e-15 0)
(0 4.84493041e-15 0)
(0 4.870902557e-15 0)
(0 -0 0)
(0 4.923691e-15 0)
(0 -0 0)
(0 -0 0)
(0 -0 0)
(0 -0 0)
(0 -0 0)
(0 -0 0)
(0 -0 0)
(0 -0 0)
(0 -0 0)
(0 -0 0)
(0 -0 0)
(0 -1.053224293e-14 0)
(0 -0 0)
(0 -1.065575647e-14 0)
(0 -0 0)
(0 -0 0)
(0 -0 0)
(0 -0 0)
(0 -0 0)
(0 2.208862491e-14 0)
(0 -0 0)
(0 -0 0)
(0 1.124941414e-14 0)
(0 -0 0)
(0 -0 0)
(0 -1.146227777e-14 0)
(0 -0 0)
(0 -1.160871943e-14 0)
(0 -0 0)
(0 -0 0)
(0 -0 0)
(0 5.691962928e-16 0)
(0 1.144126281e-15 0)
(0 -0 0)
(0 -0 0)
(0 -0 0)
(0 -0 0)
(0 -0 0)
(0 -0 0)
(0 -0 0)
(0 -2.384325012e-15 0)
(0 -0 0)
(0 -0 0)
(0 -0 0)
(0 -4.870902557e-15 0)
(0 -0 0)
(0 -4.923691138e-15 0)
(0 -0 0)
(0 -0 0)
(0 -0 0)
(0 -0 0)
(0 5.060807636e-15 0)
(0 5.089152617e-15 0)
(0 -0 0)
(0 -0 0)
(0 -0 0)
(0 -0 0)
(0 -0 0)
(0 -0 0)
(0 -0 0)
(0 -0 0)
(0 -0 0)
(0 -1.078220132e-14 0)
(0 -0 0)
(0 -0 0)
(0 -0 0)
(0 -1.104431245e-14 0)
(0 -0 0)
(0 -0 0)
(0 -0 0)
(0 -0 0)
(0 -0 0)
(0 -0 0)
(0 -1.153503386e-14 0)
(0 -0 0)
(0 2.817739646e-16 0)
(0 -0 0)
(0 -0 0)
(0 -0 0)
(0 1.149918057e-15 0)
(0 -0 0)
(0 -0 0)
(0 2.33530115e-15 0)
(0 -0 0)
(0 -0 0)
(0 -0 0)
(0 -0 0)
(0 -0 0)
(0 -2.409617015e-15 0)
(0 -0 0)
(0 -0 0)
(0 -0 0)
(0 4.923691138e-15 0)
(0 4.95051677e-15 0)
(0 4.977636451e-15 0)
(0 -0 0)
(0 -0 0)
(0 -5.060807781e-15 0)
(0 -5.089152617e-15 0)
(0 -5.117816752e-15 0)
(0 -5.146805761e-15 0)
(0 1.035224979e-14 0)
(0 -0 0)
(0 5.235776982e-15 0)
(0 -5.266121528e-15 0)
(0 -5.296819855e-15 0)
(0 -0 0)
(0 -0 0)
(0 2.156440263e-14 0)
(0 -0 0)
(0 -0 0)
(0 -0 0)
(0 -0 0)
(0 -0 0)
(0 1.118020571e-14 0)
(0 -0 0)
(0 -0 0)
(0 -0 0)
(0 -0 0)
(0 1.153503386e-14 0)
(0 1.160871943e-14 0)
(0 -0 0)
(0 -0 0)
(0 -0 0)
(0 -0 0)
(0 -1.155768708e-15 0)
(0 -0 0)
(0 -0 0)
(0 2.347367066e-15 0)
(0 2.359558438e-15 0)
(0 -0 0)
(0 -0 0)
(0 -0 0)
(0 -0 0)
(0 -0 0)
(0 -0 0)
(0 2.448577263e-15 0)
(0 -4.923691e-15 0)
(0 -4.95051677e-15 0)
(0 -0 0)
(0 -0 0)
(0 -0 0)
(0 -0 0)
(0 -0 0)
(0 -0 0)
(0 -0 0)
(0 -5.176124745e-15 0)
(0 -5.205779983e-15 0)
(0 -5.235776827e-15 0)
(0 -0 0)
(0 -0 0)
(0 -5.327878235e-15 0)
(0 5.35930299e-15 0)
(0 -1.078220132e-14 0)
(0 -0 0)
(0 -0 0)
(0 -0 0)
(0 -0 0)
(0 -0 0)
(0 -0 0)
(0 1.124941414e-14 0)
(0 -1.131948474e-14 0)
(0 -0 0)
(0 -0 0)
(0 -0 0)
(0 -0 0)
(0 -0 0)
(0 -0 0)
(0 -0 0)
(0 1.155768738e-15 0)
(0 -0 0)
(0 -0 0)
(0 -1.173683564e-15 0)
(0 -0 0)
(0 -0 0)
(0 -0 0)
(0 -0 0)
(0 -0 0)
(0 -0 0)
(0 -2.435451278e-15 0)
(0 -0 0)
(0 -0 0)
(0 -0 0)
(0 -0 0)
(0 -0 0)
(0 -5.032776795e-15 0)
(0 -0 0)
(0 -0 0)
(0 -0 0)
(0 -0 0)
(0 -0 0)
(0 -0 0)
(0 1.047155365e-14 0)
(0 5.266121528e-15 0)
(0 -0 0)
(0 -0 0)
(0 -0 0)
(0 -0 0)
(0 -0 0)
(0 -0 0)
(0 -0 0)
(0 -0 0)
(0 -0 0)
(0 -1.118020571e-14 0)
(0 -0 0)
(0 2.263896956e-14 0)
(0 -0 0)
(0 -0 0)
(0 1.153503386e-14 0)
(0 -0 0)
(0 -0 0)
(0 -0 0)
(0 -0 0)
(0 -1.16167926e-15 0)
(0 -0 0)
(0 -0 0)
(0 -1.179779219e-15 0)
(0 2.371877107e-15 0)
(0 -2.384325012e-15 0)
(0 -0 0)
(0 -0 0)
(0 -0 0)
(0 -0 0)
(0 -2.448577331e-15 0)
(0 -0 0)
(0 -0 0)
(0 4.977636451e-15 0)
(0 5.005054758e-15 0)
(0 5.032776795e-15 0)
(0 -5.060807781e-15 0)
(0 -0 0)
(0 -0 0)
(0 -0 0)
(0 5.176124897e-15 0)
(0 -5.205779983e-15 0)
(0 -5.235776982e-15 0)
(0 -0 0)
(0 -0 0)
(0 5.327878348e-15 0)
(0 -0 0)
(0 -5.391100659e-15 0)
(0 5.423277901e-15 0)
(0 -0 0)
(0 1.097759718e-14 0)
(0 -0 0)
(0 -0 0)
(0 -0 0)
(0 -0 0)
(0 -1.131948478e-14 0)
(0 -0 0)
(0 -0 0)
(0 -0 0)
(0 -0 0)
(0 -0 0)
(0 2.88942177e-16 0)
(0 -0 0)
(0 -0 0)
(0 1.173683533e-15 0)
(0 1.179779219e-15 0)
(0 -0 0)
(0 2.384324948e-15 0)
(0 -2.396904263e-15 0)
(0 -2.409616949e-15 0)
(0 -0 0)
(0 -0 0)
(0 -0 0)
(0 4.923691e-15 0)
(0 -0 0)
(0 -4.977636311e-15 0)
(0 -5.005054616e-15 0)
(0 -5.032776795e-15 0)
(0 -0 0)
(0 -0 0)
(0 5.117816752e-15 0)
(0 -0 0)
(0 -5.176124745e-15 0)
(0 -0 0)
(0 -0 0)
(0 5.266121371e-15 0)
(0 5.296819855e-15 0)
(0 -0 0)
(0 -0 0)
(0 5.391100659e-15 0)
(0 -1.084655577e-14 0)
(0 5.455841471e-15 0)
(0 -0 0)
(0 -0 0)
(0 -0 0)
(0 -0 0)
(0 1.124941414e-14 0)
(0 -0 0)
(0 -0 0)
(0 1.146227777e-14 0)
(0 -1.153503382e-14 0)
(0 -0 0)
(0 2.889421846e-16 0)
(0 -0 0)
(0 -0 0)
(0 -0 0)
(0 1.179779219e-15 0)
(0 -1.185938522e-15 0)
(0 -0 0)
(0 -0 0)
(0 2.409616949e-15 0)
(0 -0 0)
(0 -0 0)
(0 -0 0)
(0 -2.461845569e-15 0)
(0 -0 0)
(0 -0 0)
(0 2.502527379e-15 0)
(0 5.032776795e-15 0)
(0 5.060807636e-15 0)
(0 -0 0)
(0 -0 0)
(0 -0 0)
(0 -0 0)
(0 5.205779983e-15 0)
(0 5.235776827e-15 0)
(0 -5.266121528e-15 0)
(0 -0 0)
(0 -0 0)
(0 5.359303055e-15 0)
(0 -5.391100659e-15 0)
(0 -0 0)
(0 -0 0)
(0 -5.48879859e-15 0)
(0 -0 0)
(0 -0 0)
(0 -0 0)
(0 -1.124941414e-14 0)
(0 -0 0)
(0 -1.139043377e-14 0)
(0 -1.146227777e-14 0)
(0 -0 0)
(0 -0 0)
(0 -0 0)
(0 -0 0)
(0 -0 0)
(0 -5.898896096e-16 0)
(0 1.185938554e-15 0)
(0 -0 0)
(0 -0 0)
(0 -0 0)
(0 -0 0)
(0 -0 0)
(0 -0 0)
(0 -0 0)
(0 -0 0)
(0 -2.488818226e-15 0)
(0 -2.502527379e-15 0)
(0 -0 0)
(0 -5.060807781e-15 0)
(0 -0 0)
(0 -0 0)
(0 5.146805761e-15 0)
(0 -0 0)
(0 -5.205779983e-15 0)
(0 -5.235776982e-15 0)
(0 -0 0)
(0 5.296819855e-15 0)
(0 -0 0)
(0 5.359303055e-15 0)
(0 -0 0)
(0 5.423278001e-15 0)
(0 -0 0)
(0 -0 0)
(0 -5.522156296e-15 0)
(0 -0 0)
(0 1.118020571e-14 0)
(0 -0 0)
(0 -0 0)
(0 -0 0)
(0 -0 0)
(0 -0 0)
(0 1.160871943e-14 0)
(0 -0 0)
(0 -0 0)
(0 -0 0)
(0 -0 0)
(0 -1.192162474e-15 0)
(0 -0 0)
(0 -0 0)
(0 2.422465205e-15 0)
(0 -0 0)
(0 -0 0)
(0 -0 0)
(0 -0 0)
(0 -0 0)
(0 -0 0)
(0 2.516388397e-15 0)
(0 -0 0)
(0 5.08915247e-15 0)
(0 -0 0)
(0 -0 0)
(0 -0 0)
(0 -5.205779983e-15 0)
(0 -0 0)
(0 -0 0)
(0 -5.296819855e-15 0)
(0 -0 0)
(0 -5.359302893e-15 0)
(0 5.391100659e-15 0)
(0 -0 0)
(0 -0 0)
(0 -0 0)
(0 -0 0)
(0 -1.666776524e-14 0)
(0 -1.118020571e-14 0)
(0 -0 0)
(0 -1.131948474e-14 0)
(0 -0 0)
(0 -0 0)
(0 -0 0)
(0 -1.160871943e-14 0)
(0 -0 0)
(0 -2.949448048e-16 0)
(0 -0 0)
(0 1.192162506e-15 0)
(0 -0 0)
(0 -0 0)
(0 -0 0)
(0 2.435451278e-15 0)
(0 -0 0)
(0 -0 0)
(0 -0 0)
(0 -0 0)
(0 -0 0)
(0 -2.516388397e-15 0)
(0 -0 0)
(0 -0 0)
(0 -0 0)
(0 -0 0)
(0 -0 0)
(0 -0 0)
(0 -0 0)
(0 -0 0)
(0 -0 0)
(0 -0 0)
(0 -0 0)
(0 -0 0)
(0 5.423277835e-15 0)
(0 -0 0)
(0 -0 0)
(0 -0 0)
(0 5.555921869e-15 0)
(0 -0 0)
(0 -0 0)
(0 1.131948478e-14 0)
(0 -0 0)
(0 -0 0)
(0 1.153503386e-14 0)
(0 -0 0)
(0 2.949448048e-16 0)
(0 -2.964846384e-16 0)
(0 -0 0)
(0 -1.198452131e-15 0)
(0 1.204808507e-15 0)
(0 -1.211232636e-15 0)
(0 -1.217725639e-15 0)
(0 2.448577331e-15 0)
(0 -2.461845569e-15 0)
(0 -0 0)
(0 -0 0)
(0 -0 0)
(0 -0 0)
(0 -2.530403891e-15 0)
(0 -0 0)
(0 2.558908376e-15 0)
(0 -0 0)
(0 -0 0)
(0 -0 0)
(0 -0 0)
(0 -0 0)
(0 -0 0)
(0 -0 0)
(0 5.359303055e-15 0)
(0 5.391100659e-15 0)
(0 -0 0)
(0 5.455841589e-15 0)
(0 -0 0)
(0 -0 0)
(0 -5.555921869e-15 0)
(0 -0 0)
(0 -5.624707141e-15 0)
(0 -0 0)
(0 -0 0)
(0 -0 0)
(0 -1.153503386e-14 0)
(0 -0 0)
(0 2.964846304e-16 0)
(0 5.960812369e-16 0)
(0 -0 0)
(0 -0 0)
(0 2.422465205e-15 0)
(0 1.217725639e-15 0)
(0 -1.224288631e-15 0)
(0 2.4618455e-15 0)
(0 2.475258385e-15 0)
(0 -0 0)
(0 -0 0)
(0 -0 0)
(0 -0 0)
(0 -0 0)
(0 -0 0)
(0 -0 0)
(0 -0 0)
(0 5.205779983e-15 0)
(0 -0 0)
(0 -0 0)
(0 -0 0)
(0 -0 0)
(0 -5.359302893e-15 0)
(0 -5.391100659e-15 0)
(0 -5.423277835e-15 0)
(0 -0 0)
(0 5.48879859e-15 0)
(0 -0 0)
(0 -0 0)
(0 -0 0)
(0 -0 0)
(0 -0 0)
(0 -0 0)
(0 1.146227777e-14 0)
(0 -0 0)
(0 -1.160871943e-14 0)
(0 -0 0)
(0 -0 0)
(0 -0 0)
(0 -0 0)
(0 -0 0)
(0 1.224288631e-15 0)
(0 -0 0)
(0 -0 0)
(0 -2.488818155e-15 0)
(0 -0 0)
(0 -0 0)
(0 -0 0)
(0 -0 0)
(0 -0 0)
(0 -0 0)
(0 -0 0)
(0 -0 0)
(0 5.235776827e-15 0)
(0 5.266121528e-15 0)
(0 -0 0)
(0 -0 0)
(0 -0 0)
(0 -0 0)
(0 -0 0)
(0 -0 0)
(0 5.48879859e-15 0)
(0 -0 0)
(0 -0 0)
(0 -0 0)
(0 5.624707015e-15 0)
(0 -5.659742444e-15 0)
(0 -0 0)
(0 -0 0)
(0 -0 0)
(0 -0 0)
(0 2.996130328e-16 0)
(0 -0 0)
(0 -0 0)
(0 -0 0)
(0 -0 0)
(0 -1.230922784e-15 0)
(0 -1.237629193e-15 0)
(0 2.488818226e-15 0)
(0 -0 0)
(0 -0 0)
(0 -0 0)
(0 -0 0)
(0 -0 0)
(0 -0 0)
(0 2.588062448e-15 0)
(0 -0 0)
(0 -0 0)
(0 -5.266121528e-15 0)
(0 -0 0)
(0 5.327878348e-15 0)
(0 -0 0)
(0 -0 0)
(0 -0 0)
(0 -0 0)
(0 -0 0)
(0 -5.522156348e-15 0)
(0 1.111184374e-14 0)
(0 -0 0)
(0 -0 0)
(0 -0 0)
(0 -5.695216886e-15 0)
(0 -0 0)
(0 -0 0)
(0 -0 0)
(0 -0 0)
(0 -3.028081506e-16 0)
(0 -0 0)
(0 6.121443157e-16 0)
(0 1.23092275e-15 0)
(0 1.237629193e-15 0)
(0 -0 0)
(0 2.502527308e-15 0)
(0 -0 0)
(0 -0 0)
(0 -0 0)
(0 -0 0)
(0 -0 0)
(0 -2.588062372e-15 0)
(0 -0 0)
(0 -5.235776827e-15 0)
(0 5.266121371e-15 0)
(0 5.296819855e-15 0)
(0 -0 0)
(0 -0 0)
(0 -0 0)
(0 -0 0)
(0 -0 0)
(0 -5.48879859e-15 0)
(0 -0 0)
(0 -5.555921694e-15 0)
(0 -5.590102853e-15 0)
(0 -0 0)
(0 -0 0)
(0 -0 0)
(0 -0 0)
(0 -0 0)
(0 -1.160871943e-14 0)
(0 3.028081589e-16 0)
(0 -0 0)
(0 -0 0)
(0 -0 0)
(0 -0 0)
(0 -0 0)
(0 -1.25126369e-15 0)
(0 2.516388397e-15 0)
(0 2.530403818e-15 0)
(0 -0 0)
(0 -0 0)
(0 -0 0)
(0 -0 0)
(0 -0 0)
(0 -0 0)
(0 -2.633060764e-15 0)
(0 -0 0)
(0 -0 0)
(0 5.359303055e-15 0)
(0 -0 0)
(0 -0 0)
(0 -0 0)
(0 5.48879859e-15 0)
(0 -0 0)
(0 -0 0)
(0 1.118020571e-14 0)
(0 -0 0)
(0 -0 0)
(0 5.695216886e-15 0)
(0 -0 0)
(0 -0 0)
(0 -0 0)
(0 -0 0)
(0 -3.060721663e-16 0)
(0 -6.154613922e-16 0)
(0 -0 0)
(0 2.488818226e-15 0)
(0 -0 0)
(0 -0 0)
(0 -0 0)
(0 -0 0)
(0 -0 0)
(0 -0 0)
(0 -0 0)
(0 -0 0)
(0 -0 0)
(0 -0 0)
(0 -0 0)
(0 -0 0)
(0 -5.359303055e-15 0)
(0 -0 0)
(0 -0 0)
(0 -0 0)
(0 -5.48879859e-15 0)
(0 -5.522156348e-15 0)
(0 -0 0)
(0 -0 0)
(0 -0 0)
(0 5.659742444e-15 0)
(0 -0 0)
(0 -0 0)
(0 5.767516985e-15 0)
(0 -5.804359717e-15 0)
(0 3.060721578e-16 0)
(0 3.077306875e-16 0)
(0 -0 0)
(0 -0 0)
(0 1.251263654e-15 0)
(0 -0 0)
(0 -1.265201909e-15 0)
(0 2.544576235e-15 0)
(0 -0 0)
(0 -2.573402806e-15 0)
(0 -0 0)
(0 -0 0)
(0 -0 0)
(0 -2.633060685e-15 0)
(0 2.648409928e-15 0)
(0 -0 0)
(0 5.359302893e-15 0)
(0 5.391100659e-15 0)
(0 -0 0)
(0 5.45584142e-15 0)
(0 5.48879859e-15 0)
(0 -0 0)
(0 -0 0)
(0 -5.590102853e-15 0)
(0 -0 0)
(0 -0 0)
(0 -5.695216886e-15 0)
(0 -0 0)
(0 -0 0)
(0 -0 0)
(0 3.077306961e-16 0)
(0 -0 0)
(0 -0 0)
(0 -0 0)
(0 -0 0)
(0 1.265201909e-15 0)
(0 -1.272288154e-15 0)
(0 -0 0)
(0 -0 0)
(0 -0 0)
(0 -0 0)
(0 -0 0)
(0 -0 0)
(0 -0 0)
(0 -0 0)
(0 -5.359303055e-15 0)
(0 -5.391100659e-15 0)
(0 -0 0)
(0 -5.455841589e-15 0)
(0 -5.48879859e-15 0)
(0 -0 0)
(0 -0 0)
(0 -0 0)
(0 -0 0)
(0 -0 0)
(0 1.139043377e-14 0)
(0 -0 0)
(0 -0 0)
(0 -0 0)
(0 3.094072981e-16 0)
(0 -0 0)
(0 -0 0)
(0 -0 0)
(0 1.265201945e-15 0)
(0 -0 0)
(0 -0 0)
(0 2.573402881e-15 0)
(0 -0 0)
(0 -0 0)
(0 -0 0)
(0 -0 0)
(0 -0 0)
(0 -0 0)
(0 2.679651528e-15 0)
(0 2.695550329e-15 0)
(0 5.423278001e-15 0)
(0 -0 0)
(0 5.48879859e-15 0)
(0 5.522156348e-15 0)
(0 -0 0)
(0 -0 0)
(0 -0 0)
(0 5.659742444e-15 0)
(0 -5.695216886e-15 0)
(0 -0 0)
(0 -0 0)
(0 -0 0)
(0 -0 0)
(0 -3.128159135e-16 0)
(0 -0 0)
(0 -1.265201909e-15 0)
(0 1.272288118e-15 0)
(0 -0 0)
(0 -0 0)
(0 2.588062372e-15 0)
(0 -0 0)
(0 -0 0)
(0 -0 0)
(0 -0 0)
(0 -0 0)
(0 -2.679651446e-15 0)
(0 -0 0)
(0 -2.711638917e-15 0)
(0 -0 0)
(0 -0 0)
(0 -0 0)
(0 -0 0)
(0 -5.590102853e-15 0)
(0 5.624707015e-15 0)
(0 -5.659742262e-15 0)
(0 -0 0)
(0 -0 0)
(0 -0 0)
(0 5.804359717e-15 0)
(0 3.128159224e-16 0)
(0 -3.145485497e-16 0)
(0 -0 0)
(0 6.361440771e-16 0)
(0 -0 0)
(0 -0 0)
(0 -0 0)
(0 -1.301444996e-15 0)
(0 -0 0)
(0 -0 0)
(0 -0 0)
(0 -0 0)
(0 -0 0)
(0 -2.695550329e-15 0)
(0 -2.711638917e-15 0)
(0 -0 0)
(0 -0 0)
(0 -0 0)
(0 -0 0)
(0 -0 0)
(0 -5.624707015e-15 0)
(0 -0 0)
(0 -0 0)
(0 -0 0)
(0 -0 0)
(0 -0 0)
(0 3.145485497e-16 0)
(0 -0 0)
(0 -0 0)
(0 -0 0)
(0 1.28670144e-15 0)
(0 -0 0)
(0 1.301444996e-15 0)
(0 2.617888491e-15 0)
(0 -0 0)
(0 -0 0)
(0 -0 0)
(0 -0 0)
(0 -0 0)
(0 -0 0)
(0 2.727920795e-15 0)
(0 -2.744399295e-15 0)
(0 -0 0)
(0 -0 0)
(0 -0 0)
(0 -0 0)
(0 -0 0)
(0 5.695216886e-15 0)
(0 -0 0)
(0 -0 0)
(0 -0 0)
(0 -0 0)
(0 -0 0)
(0 -0 0)
(0 -0 0)
(0 -0 0)
(0 -1.301444996e-15 0)
(0 -1.308944207e-15 0)
(0 2.633060685e-15 0)
(0 2.648409928e-15 0)
(0 -2.663939093e-15 0)
(0 -0 0)
(0 -0 0)
(0 -0 0)
(0 -2.72792071e-15 0)
(0 -0 0)
(0 -0 0)
(0 5.555921694e-15 0)
(0 1.118020571e-14 0)
(0 -0 0)
(0 5.659742262e-15 0)
(0 -5.695216886e-15 0)
(0 -0 0)
(0 -0 0)
(0 -0 0)
(0 -0 0)
(0 -0 0)
(0 -0 0)
(0 -0 0)
(0 1.301444996e-15 0)
(0 1.308944207e-15 0)
(0 -0 0)
(0 -0 0)
(0 -0 0)
(0 -0 0)
(0 -0 0)
(0 -0 0)
(0 -0 0)
(0 -2.744399295e-15 0)
(0 -0 0)
(0 -2.777960935e-15 0)
(0 -5.590102853e-15 0)
(0 -0 0)
(0 -5.659742444e-15 0)
(0 -0 0)
(0 -0 0)
(0 -0 0)
(0 5.804359717e-15 0)
(0 -0 0)
(0 -0 0)
(0 -0 0)
(0 -0 0)
(0 -0 0)
(0 -1.316530382e-15 0)
(0 -1.324204964e-15 0)
(0 2.663939174e-15 0)
(0 -0 0)
(0 -0 0)
(0 -0 0)
(0 -0 0)
(0 -0 0)
(0 -0 0)
(0 -0 0)
(0 2.795051427e-15 0)
(0 5.624707194e-15 0)
(0 -0 0)
(0 5.695216886e-15 0)
(0 -0 0)
(0 -5.767516985e-15 0)
(0 -5.804359717e-15 0)
(0 -0 0)
(0 -0 0)
(0 -0 0)
(0 -0 0)
(0 1.316530343e-15 0)
(0 1.324204964e-15 0)
(0 -0 0)
(0 2.679651446e-15 0)
(0 -0 0)
(0 -0 0)
(0 -0 0)
(0 -0 0)
(0 -0 0)
(0 -2.777960847e-15 0)
(0 -2.795051427e-15 0)
(0 -5.624707015e-15 0)
(0 5.659742262e-15 0)
(0 -0 0)
(0 -0 0)
(0 -0 0)
(0 -0 0)
(0 -0 0)
(0 -0 0)
(0 -0 0)
(0 -0 0)
(0 -0 0)
(0 -0 0)
(0 -1.339825764e-15 0)
(0 2.695550329e-15 0)
(0 -0 0)
(0 -2.727920795e-15 0)
(0 -0 0)
(0 -0 0)
(0 -0 0)
(0 -0 0)
(0 -0 0)
(0 -5.659742444e-15 0)
(0 -0 0)
(0 -0 0)
(0 -0 0)
(0 -0 0)
(0 -0 0)
(0 -0 0)
(0 -0 0)
(0 -6.621024819e-16 0)
(0 1.331969587e-15 0)
(0 1.339825764e-15 0)
(0 -0 0)
(0 2.711639001e-15 0)
(0 -0 0)
(0 -2.744399295e-15 0)
(0 -0 0)
(0 -0 0)
(0 -0 0)
(0 -2.812353597e-15 0)
(0 2.829871222e-15 0)
(0 -5.695216886e-15 0)
(0 -0 0)
(0 -0 0)
(0 -0 0)
(0 -0 0)
(0 -0 0)
(0 -0 0)
(0 -0 0)
(0 -0 0)
(0 -1.347775165e-15 0)
(0 -1.355819459e-15 0)
(0 2.72792071e-15 0)
(0 2.744399295e-15 0)
(0 -0 0)
(0 -0 0)
(0 -0 0)
(0 2.812353507e-15 0)
(0 -2.829871131e-15 0)
(0 2.847608443e-15 0)
(0 -0 0)
(0 5.767516796e-15 0)
(0 5.804359717e-15 0)
(0 -0 0)
(0 -0 0)
(0 -0 0)
(0 -0 0)
(0 2.695550329e-15 0)
(0 1.355819459e-15 0)
(0 -1.363960397e-15 0)
(0 -0 0)
(0 -0 0)
(0 -2.777960935e-15 0)
(0 -2.795051427e-15 0)
(0 -0 0)
(0 -0 0)
(0 -0 0)
(0 -0 0)
(0 -0 0)
(0 -0 0)
(0 3.31051241e-16 0)
(0 -3.329923967e-16 0)
(0 -0 0)
(0 -1.347775165e-15 0)
(0 -0 0)
(0 -0 0)
(0 -0 0)
(0 -0 0)
(0 -0 0)
(0 2.795051427e-15 0)
(0 -0 0)
(0 -0 0)
(0 -2.847608443e-15 0)
(0 -0 0)
(0 -0 0)
(0 -2.902179859e-15 0)
(0 -0 0)
(0 -0 0)
(0 -0 0)
(0 -0 0)
(0 2.72792071e-15 0)
(0 -0 0)
(0 -0 0)
(0 2.777960847e-15 0)
(0 -0 0)
(0 -0 0)
(0 -0 0)
(0 -0 0)
(0 -0 0)
(0 -0 0)
(0 -0 0)
(0 -0 0)
(0 -3.369437912e-16 0)
(0 -0 0)
(0 -0 0)
(0 -0 0)
(0 -0 0)
(0 -0 0)
(0 -1.397525713e-15 0)
(0 -0 0)
(0 -2.829871222e-15 0)
(0 -0 0)
(0 -0 0)
(0 -0 0)
(0 -2.902179859e-15 0)
(0 3.369437912e-16 0)
(0 -0 0)
(0 -0 0)
(0 -0 0)
(0 -0 0)
(0 -0 0)
(0 1.397525713e-15 0)
(0 -0 0)
(0 -0 0)
(0 2.847608443e-15 0)
(0 -0 0)
(0 -0 0)
(0 -0 0)
(0 -0 0)
(0 -3.409900888e-16 0)
(0 -0 0)
(0 -0 0)
(0 1.388980424e-15 0)
(0 -1.397525713e-15 0)
(0 -1.406176754e-15 0)
(0 2.829871131e-15 0)
(0 -2.847608443e-15 0)
(0 -0 0)
(0 -0 0)
(0 -0 0)
(0 3.409900993e-16 0)
(0 -0 0)
(0 -6.902695219e-16 0)
(0 -0 0)
(0 1.397525713e-15 0)
(0 1.406176754e-15 0)
(0 -1.414935611e-15 0)
(0 -0 0)
(0 -0 0)
(0 -0 0)
(0 -0 0)
(0 -0 0)
(0 -0 0)
(0 -0 0)
(0 -0 0)
(0 -0 0)
(0 -0 0)
(0 -0 0)
(0 2.865569508e-15 0)
(0 -0 0)
(0 -2.902179859e-15 0)
(0 -0 0)
(0 -0 0)
(0 -0 0)
(0 -7.030883769e-16 0)
(0 1.414935566e-15 0)
(0 -0 0)
(0 -0 0)
(0 -0 0)
(0 -0 0)
(0 -0 0)
(0 -0 0)
(0 -0 0)
(0 -0 0)
(0 -0 0)
(0 -0 0)
(0 -0 0)
(0 2.902179859e-15 0)
(0 -0 0)
(0 -0 0)
(0 -0 0)
(0 -0 0)
(0 -0 0)
(0 -0 0)
(0 -0 0)
(0 -0 0)
(0 -3.537338914e-16 0)
(0 -0 0)
(0 -0 0)
(0 -0 0)
(0 -0 0)
(0 3.537339028e-16 0)
(0 -0 0)
(0 -0 0)
(0 -0 0)
(0 1.451089929e-15 0)
(0 -0 0)
(0 -0 0)
(0 -0 0)
(0 -1.451089929e-15 0)
(0 -0 0)
(0 -0 0)
(0 -0 0)
(0 -0 0)
(0 -0 0)
(0 -0 0)
)
;

boundaryField
{
    inlet
    {
        type            calculated;
        value           uniform (0 -0 0);
    }
    sym
    {
        type            calculated;
        value           uniform (0 -0 0);
    }
    wedge
    {
        type            calculated;
        value           nonuniform List<vector> 
50
(
(0 -0 -1.818989404e-12)
(0 -0 -3.637978807e-12)
(0 -0 -1.818989404e-12)
(0 -0 0)
(3.155443621e-30 1.57772181e-30 0)
(0 -0 -3.637978807e-12)
(3.155443621e-30 1.57772181e-30 3.637978807e-12)
(4.733165431e-30 2.366582716e-30 0)
(1.57772181e-30 -7.888609052e-31 -1.818989404e-12)
(0 -0 1.818989404e-12)
(0 -7.888609052e-31 -1.818989404e-12)
(0 -7.888609052e-31 -1.818989404e-12)
(0 -0 -3.637978807e-12)
(0 -0 -1.818989404e-12)
(0 -0 -1.818989404e-12)
(0 -0 -1.818989404e-12)
(0 -7.888609052e-31 -1.818989404e-12)
(1.57772181e-30 -0 -1.818989404e-12)
(0 -0 -1.818989404e-12)
(0 -0 0)
(0 -7.888609052e-31 -3.637978807e-12)
(0 -0 3.637978807e-12)
(0 -0 -3.637978807e-12)
(-1.57772181e-30 -7.888609052e-31 -1.818989404e-12)
(0 -0 -3.637978807e-12)
(0 -0 -3.637978807e-12)
(0 -0 -3.637978807e-12)
(-1.57772181e-30 -7.888609052e-31 -1.818989404e-12)
(0 -0 -5.456968211e-12)
(0 -0 -1.818989404e-12)
(-1.57772181e-30 -1.57772181e-30 -1.818989404e-12)
(0 -0 -5.456968211e-12)
(0 -0 -1.818989404e-12)
(-3.155443621e-30 -7.888609052e-31 -1.818989404e-12)
(1.57772181e-30 7.888609052e-31 3.637978807e-12)
(0 -0 5.456968211e-12)
(0 -0 -3.637978807e-12)
(0 -0 -1.818989404e-12)
(0 -0 -3.637978807e-12)
(0 -0 -3.637978807e-12)
(0 -0 -1.818989404e-12)
(0 -0 7.275957614e-12)
(0 -0 -3.637978807e-12)
(0 -0 -7.275957614e-12)
(0 -0 -1.818989404e-12)
(3.155443621e-30 7.888609052e-31 -1.818989404e-12)
(0 -0 -3.637978807e-12)
(3.155443621e-30 2.366582716e-30 5.456968211e-12)
(0 -0 -3.637978807e-12)
(3.155443621e-30 -1.57772181e-30 -5.456968211e-12)
)
;
    }
    top
    {
        type            calculated;
        value           nonuniform List<vector> 
75
(
(0 -0 0)
(0 -0 0)
(0 -0 0)
(0 -0 0)
(0 -0 0)
(0 -0 0)
(0 -0 0)
(0 -0 0)
(0 -0 0)
(0 -0 0)
(0 -0 0)
(0 -0 0)
(0 -0 0)
(0 -0 0)
(0 -0 0)
(0 -0 0)
(0 -0 0)
(0 -0 0)
(0 -0 0)
(0 -0 0)
(0 -0 0)
(0 -0 0)
(0 -0 0)
(0 -0 0)
(0 -0 0)
(0 -0 0)
(0 2.776412495e-16 0)
(0 -0 0)
(0 -0 0)
(0 2.817739646e-16 0)
(0 -0 0)
(0 -0 0)
(0 -0 0)
(0 -0 0)
(0 2.889421846e-16 0)
(0 -0 0)
(0 -0 0)
(0 -0 0)
(0 2.949448048e-16 0)
(0 2.964846304e-16 0)
(0 -0 0)
(0 2.996130328e-16 0)
(0 -0 0)
(0 3.028081589e-16 0)
(0 -0 0)
(0 3.060721578e-16 0)
(0 3.077306961e-16 0)
(0 3.094072981e-16 0)
(0 -0 0)
(0 3.128159224e-16 0)
(0 3.145485497e-16 0)
(0 -0 0)
(0 -0 0)
(0 -0 0)
(0 -0 0)
(0 -0 0)
(0 -0 0)
(0 -0 0)
(0 -0 0)
(0 3.31051241e-16 0)
(0 -0 0)
(0 -0 0)
(0 3.369437912e-16 0)
(0 -0 0)
(0 3.409900993e-16 0)
(0 -0 0)
(0 -0 0)
(0 -0 0)
(0 -0 0)
(0 -0 0)
(0 3.537339028e-16 0)
(0 -0 0)
(0 -0 0)
(0 -0 0)
(0 -0 0)
)
;
    }
    back
    {
        type            empty;
    }
    front
    {
        type            empty;
    }
    outlet
    {
        type            calculated;
        value           nonuniform List<vector> 
75
(
(7.462408475e-15 -0 0)
(0 -0 0)
(0 -0 0)
(0 -0 0)
(0 -0 0)
(0 -0 0)
(0 -0 0)
(0 -0 0)
(0 -0 0)
(0 -0 0)
(0 -0 0)
(0 -0 0)
(0 -0 0)
(0 -0 0)
(0 -0 0)
(0 -0 0)
(0 -0 0)
(0 1.160871943e-14 0)
(0 -0 0)
(0 -0 0)
(0 -0 0)
(0 -0 0)
(0 -0 0)
(0 1.160871943e-14 0)
(0 -1.160871943e-14 0)
(0 -0 0)
(0 -0 0)
(0 -1.160871943e-14 0)
(0 -0 0)
(0 1.160871943e-14 0)
(0 -0 0)
(0 -0 0)
(0 -0 0)
(0 -0 0)
(0 -0 0)
(0 1.160871943e-14 0)
(0 -1.160871943e-14 0)
(0 -0 0)
(0 -0 0)
(0 -1.160871943e-14 0)
(0 -0 0)
(0 -0 0)
(0 -1.160871943e-14 0)
(0 -0 0)
(0 -5.804359717e-15 0)
(0 -0 0)
(0 -0 0)
(0 -0 0)
(0 5.804359717e-15 0)
(0 -0 0)
(0 -0 0)
(0 -0 0)
(0 5.804359717e-15 0)
(0 -5.804359717e-15 0)
(0 -0 0)
(0 -0 0)
(0 -0 0)
(0 5.804359717e-15 0)
(0 -0 0)
(0 -2.902179859e-15 0)
(0 -0 0)
(0 -2.902179859e-15 0)
(0 -0 0)
(0 -0 0)
(0 -0 0)
(0 -2.902179859e-15 0)
(0 -0 0)
(0 2.902179859e-15 0)
(0 -0 0)
(0 -0 0)
(0 1.451089929e-15 0)
(0 -1.451089929e-15 0)
(0 -0 0)
(0 -0 0)
(0 -0 0)
)
;
    }
}


// ************************************************************************* //
